---------------------------------------------------------------------
Results for m2_00_Tiacac3-PBE0_Coacac3.all 

Average dfH = -373.86 

Uncertainty = 5.25
Computational contribution = 2.45
Experimental contribution = 4.65
---------------------------------------------------------------------
Number of reactions with all coeficients ≤  10 : 3  of  3
Parameters:
h1 = 3.27 
h2 = 90.95 

Summ of all weights = 1.37
---------------------------------------------------------------------
Average values and MSE of reaction characteristics:

                      Mean       St dev
          dfH      -373.86         1.23
     drE_corr       -86.76        15.02
    n+dn_priv         7.08         1.80
          drH        29.22        71.55
         ddrH         0.54         1.74
          drE        28.69        73.17
      drE_CBS        30.84        75.11
       drE_IT        -2.72         0.39
       drE_CV         0.12         1.77
   drE_HF_CBS       115.45        60.17
          u/2         2.32         0.16


---------------------------------------------------------------------
3 reactions with the best weights:
---------------------------------------------------------------------
     weight      dfH  drE_corr  dn  n+|dn|      u      drH   ddrH      drE  drE_CBS  drE_CV  drE_IT  drE_TPNO  drE_HF_CBS  drE_HF_TZ  drE_HF_QZ                                            reaction
0  1.000000 -374.601   -94.703  11     6.0  4.496  -13.969  1.528  -15.497  -14.526   1.187  -2.907     0.749      79.206     77.965     78.752      2TiO6C15H21+2ClH+2CoCl3->H2+2TiCl4+2CoO6C15H21
1  0.344566 -371.803   -61.587  17    10.0  4.956  149.006 -1.906  150.912  156.164  -2.791  -2.105    -0.356     212.499    211.412    212.101   2TiO6C15H21+H2+2OH2+2CoCl3->6ClH+2TiO+2CoO6C15H21
2  0.020496 -372.417  -122.613  19    11.0  6.762  122.713 -6.814  129.527  137.065  -3.089  -4.181    -0.268     252.140    249.255    251.084  2TiO6C15H21+4OH2+2CoCl3->H2+6ClH+2TiO2+2CoO6C15H21




---------------------------------------------------------------------
10 reactions with the worst weights:
---------------------------------------------------------------------
     weight      dfH  drE_corr  dn  n+|dn|      u      drH   ddrH      drE  drE_CBS  drE_CV  drE_IT  drE_TPNO  drE_HF_CBS  drE_HF_TZ  drE_HF_QZ                                            reaction
2  0.020496 -372.417  -122.613  19    11.0  6.762  122.713 -6.814  129.527  137.065  -3.089  -4.181    -0.268     252.140    249.255    251.084  2TiO6C15H21+4OH2+2CoCl3->H2+6ClH+2TiO2+2CoO6C15H21
1  0.344566 -371.803   -61.587  17    10.0  4.956  149.006 -1.906  150.912  156.164  -2.791  -2.105    -0.356     212.499    211.412    212.101   2TiO6C15H21+H2+2OH2+2CoCl3->6ClH+2TiO+2CoO6C15H21
0  1.000000 -374.601   -94.703  11     6.0  4.496  -13.969  1.528  -15.497  -14.526   1.187  -2.907     0.749      79.206     77.965     78.752      2TiO6C15H21+2ClH+2CoCl3->H2+2TiCl4+2CoO6C15H21




---------------------------------------------------------------------
10 reactions with the worst dHf:
---------------------------------------------------------------------
     weight      dfH  drE_corr  dn  n+|dn|      u      drH   ddrH      drE  drE_CBS  drE_CV  drE_IT  drE_TPNO  drE_HF_CBS  drE_HF_TZ  drE_HF_QZ                                            reaction
0  1.000000 -374.601   -94.703  11     6.0  4.496  -13.969  1.528  -15.497  -14.526   1.187  -2.907     0.749      79.206     77.965     78.752      2TiO6C15H21+2ClH+2CoCl3->H2+2TiCl4+2CoO6C15H21
2  0.020496 -372.417  -122.613  19    11.0  6.762  122.713 -6.814  129.527  137.065  -3.089  -4.181    -0.268     252.140    249.255    251.084  2TiO6C15H21+4OH2+2CoCl3->H2+6ClH+2TiO2+2CoO6C15H21
1  0.344566 -371.803   -61.587  17    10.0  4.956  149.006 -1.906  150.912  156.164  -2.791  -2.105    -0.356     212.499    211.412    212.101   2TiO6C15H21+H2+2OH2+2CoCl3->6ClH+2TiO+2CoO6C15H21
