---------------------------------------------------------------------
Results for m2_00_Tiacac3-PBE0_Vacac3_tmp.all 

Average dfH = -371.2 

Uncertainty = 7.54
Computational contribution = 3.62
Experimental contribution = 6.61
---------------------------------------------------------------------
Number of reactions with all coeficients ≤  10 : 6  of  6
Parameters:
h1 = 5.22 
h2 = 39.56 

Summ of all weights = 1.82
---------------------------------------------------------------------
Average values and MSE of reaction characteristics:

                      Mean       St dev
          dfH      -371.20         1.81
     drE_corr         6.62        18.50
    n+dn_priv         4.69         2.03
          drH         0.21        39.18
         ddrH         0.38         1.96
          drE        -0.17        40.27
      drE_CBS        -1.33        41.45
       drE_IT         0.25         0.72
       drE_CV         0.19         1.13
   drE_HF_CBS        -6.79        39.87
          u/2         3.31         0.48


---------------------------------------------------------------------
6 reactions with the best weights:
---------------------------------------------------------------------
     weight      dfH  drE_corr  dn  n+|dn|      u      drH   ddrH      drE  drE_CBS  drE_CV  drE_IT  drE_TPNO  drE_HF_CBS  drE_HF_TZ  drE_HF_QZ                                    reaction
0  1.000000 -372.160    10.315   4     4.0  5.903   16.760  0.256   16.504   15.543   0.278   0.207     0.476       6.189      7.161      6.545                TiO6C15H21+VO->TiO+VO6C15H21
1  0.554192 -368.759    10.266   4     4.0  7.932    2.059  0.286    1.773    0.885  -0.743   0.641     0.990      -8.493     -7.610     -8.170              TiO6C15H21+VO2->TiO2+VO6C15H21
2  0.111174 -372.774   -50.711   6     6.0  7.485   -9.533 -4.653   -4.880   -3.554  -0.020  -1.870     0.564      45.831     45.004     45.528        TiO6C15H21+OH2+VO->H2+TiO2+VO6C15H21
5  0.083791 -374.958   -22.801  10    12.0  5.523 -146.215  3.689 -149.904 -155.144   4.256  -0.596     1.580    -127.103   -126.285   -126.804  TiO6C15H21+4ClH+VO->H2+OH2+TiCl4+VO6C15H21
4  0.037551 -370.943    38.176  10    12.0  6.115 -134.623  8.628 -143.251 -150.704   3.532   1.915     2.006    -181.427   -178.900   -180.502   TiO6C15H21+4ClH+VO2->2OH2+TiCl4+VO6C15H21
3  0.030000 -368.145    71.291   6     6.0  6.461   28.352  5.194   23.158   19.984  -0.446   2.718     0.902     -48.133    -45.453    -47.153        TiO6C15H21+H2+VO2->OH2+TiO+VO6C15H21




---------------------------------------------------------------------
10 reactions with the worst weights:
---------------------------------------------------------------------
     weight      dfH  drE_corr  dn  n+|dn|      u      drH   ddrH      drE  drE_CBS  drE_CV  drE_IT  drE_TPNO  drE_HF_CBS  drE_HF_TZ  drE_HF_QZ                                    reaction
3  0.030000 -368.145    71.291   6     6.0  6.461   28.352  5.194   23.158   19.984  -0.446   2.718     0.902     -48.133    -45.453    -47.153        TiO6C15H21+H2+VO2->OH2+TiO+VO6C15H21
4  0.037551 -370.943    38.176  10    12.0  6.115 -134.623  8.628 -143.251 -150.704   3.532   1.915     2.006    -181.427   -178.900   -180.502   TiO6C15H21+4ClH+VO2->2OH2+TiCl4+VO6C15H21
5  0.083791 -374.958   -22.801  10    12.0  5.523 -146.215  3.689 -149.904 -155.144   4.256  -0.596     1.580    -127.103   -126.285   -126.804  TiO6C15H21+4ClH+VO->H2+OH2+TiCl4+VO6C15H21
2  0.111174 -372.774   -50.711   6     6.0  7.485   -9.533 -4.653   -4.880   -3.554  -0.020  -1.870     0.564      45.831     45.004     45.528        TiO6C15H21+OH2+VO->H2+TiO2+VO6C15H21




---------------------------------------------------------------------
10 reactions with the worst dHf:
---------------------------------------------------------------------
     weight      dfH  drE_corr  dn  n+|dn|      u      drH   ddrH      drE  drE_CBS  drE_CV  drE_IT  drE_TPNO  drE_HF_CBS  drE_HF_TZ  drE_HF_QZ                                    reaction
5  0.083791 -374.958   -22.801  10    12.0  5.523 -146.215  3.689 -149.904 -155.144   4.256  -0.596     1.580    -127.103   -126.285   -126.804  TiO6C15H21+4ClH+VO->H2+OH2+TiCl4+VO6C15H21
2  0.111174 -372.774   -50.711   6     6.0  7.485   -9.533 -4.653   -4.880   -3.554  -0.020  -1.870     0.564      45.831     45.004     45.528        TiO6C15H21+OH2+VO->H2+TiO2+VO6C15H21
0  1.000000 -372.160    10.315   4     4.0  5.903   16.760  0.256   16.504   15.543   0.278   0.207     0.476       6.189      7.161      6.545                TiO6C15H21+VO->TiO+VO6C15H21
4  0.037551 -370.943    38.176  10    12.0  6.115 -134.623  8.628 -143.251 -150.704   3.532   1.915     2.006    -181.427   -178.900   -180.502   TiO6C15H21+4ClH+VO2->2OH2+TiCl4+VO6C15H21
1  0.554192 -368.759    10.266   4     4.0  7.932    2.059  0.286    1.773    0.885  -0.743   0.641     0.990      -8.493     -7.610     -8.170              TiO6C15H21+VO2->TiO2+VO6C15H21
3  0.030000 -368.145    71.291   6     6.0  6.461   28.352  5.194   23.158   19.984  -0.446   2.718     0.902     -48.133    -45.453    -47.153        TiO6C15H21+H2+VO2->OH2+TiO+VO6C15H21
