---------------------------------------------------------------------
Results for m2_00_Tiacac3-PBE0_Scacac_tmp.all 

Average dfH = -371.2 

Uncertainty = 8.68
Computational contribution = 6.9
Experimental contribution = 5.27
---------------------------------------------------------------------
Number of reactions with all coeficients ≤  10 : 9  of  9
Parameters:
h1 = 4.2 
h2 = 48.99 

Summ of all weights = 3.07
---------------------------------------------------------------------
Average values and MSE of reaction characteristics:

                      Mean       St dev
          dfH      -371.20         3.45
     drE_corr       -28.48        15.49
    n+dn_priv         8.13         1.91
          drH        33.58        77.32
         ddrH        -1.65         2.10
          drE        35.23        77.64
      drE_CBS        36.59        79.48
       drE_IT        -1.50         0.43
       drE_CV         0.30         1.66
       drE_SR        -1.42         1.27
   drE_HF_CBS        63.71        68.06
          u/2         2.64         0.26


---------------------------------------------------------------------
9 reactions with the best weights:
---------------------------------------------------------------------
     weight      dfH  drE_corr  dn  n+|dn|      u      drH   ddrH      drE  drE_CBS  drE_CV  drE_IT  drE_TPNO  drE_SR  drE_HF_CBS  drE_HF_TZ  drE_HF_QZ                                            reaction
1  1.000000 -367.612   -21.654  13     7.0  5.692   -3.478 -3.262   -0.216    3.135  -0.646  -1.348     0.928  -2.285      21.438     20.426     21.068      2TiO6C15H21+2OH2+2ScF->H2+2FH+2TiO+2ScO6C15H21
0  0.767425 -376.375   -47.877  11     6.0  4.572  -34.795  0.079  -34.874  -37.601   2.347  -1.951     1.842   0.489      13.003     12.548     12.836      2TiO6C15H21+2ClH+2ScCl3->H2+2TiCl4+2ScO6C15H21
4  0.586538 -370.772   -17.566  17    10.0  5.025  125.375 -3.354  128.729  133.085  -1.630  -1.148     0.738  -2.316     146.295    145.995    146.185   2TiO6C15H21+H2+2OH2+2ScCl3->6ClH+2TiO+2ScO6C15H21
3  0.503520 -370.101   -13.276  17    10.0  5.575  137.645  0.347  137.298  138.810   0.318  -1.135     1.356  -2.051     150.574    151.600    150.949     2TiO6C15H21+H2+2OH2+2ScF3->6FH+2TiO+2ScO6C15H21
7  0.091988 -375.704   -43.587  23    12.0  5.170  -22.525  3.781  -26.306  -31.878   4.296  -1.938     2.460   0.754      17.281     18.154     17.600   2TiO6C15H21+8ClH+2ScF3->H2+6FH+2TiCl4+2ScO6C15H21
8  0.062803 -373.214   -51.965  21    12.0  5.296 -163.649  0.171 -163.820 -167.553   3.332  -2.150     2.032   0.519    -111.855   -113.020   -112.281   2TiO6C15H21+8ClH+2ScF->3H2+2FH+2TiCl4+2ScO6C15H21
2  0.026432 -367.866   -83.039  17     9.0  7.319  -30.131 -8.171  -21.960  -15.963  -0.944  -3.424     1.016  -2.645      61.079     58.269     60.051    2TiO6C15H21+4OH2+2ScF->3H2+2FH+2TiO2+2ScO6C15H21
6  0.018987 -370.355   -74.661  19    11.0  7.228  110.992 -4.561  115.553  119.712   0.020  -3.212     1.444  -2.411     190.214    189.444    189.932    2TiO6C15H21+4OH2+2ScF3->H2+6FH+2TiO2+2ScO6C15H21
5  0.016240 -371.026   -78.951  19    11.0  6.813   98.722 -8.263  106.985  113.988  -1.928  -3.225     0.826  -2.676     185.936    183.838    185.168  2TiO6C15H21+4OH2+2ScCl3->H2+6ClH+2TiO2+2ScO6C15H21




---------------------------------------------------------------------
10 reactions with the worst weights:
---------------------------------------------------------------------
    weight      dfH  drE_corr  dn  n+|dn|      u     drH   ddrH      drE  drE_CBS  drE_CV  drE_IT  drE_TPNO  drE_SR  drE_HF_CBS  drE_HF_TZ  drE_HF_QZ                                            reaction
5  0.01624 -371.026   -78.951  19    11.0  6.813  98.722 -8.263  106.985  113.988  -1.928  -3.225     0.826  -2.676     185.936    183.838    185.168  2TiO6C15H21+4OH2+2ScCl3->H2+6ClH+2TiO2+2ScO6C15H21




---------------------------------------------------------------------
10 reactions with the worst dHf:
---------------------------------------------------------------------
     weight      dfH  drE_corr  dn  n+|dn|      u      drH   ddrH      drE  drE_CBS  drE_CV  drE_IT  drE_TPNO  drE_SR  drE_HF_CBS  drE_HF_TZ  drE_HF_QZ                                            reaction
0  0.767425 -376.375   -47.877  11     6.0  4.572  -34.795  0.079  -34.874  -37.601   2.347  -1.951     1.842   0.489      13.003     12.548     12.836      2TiO6C15H21+2ClH+2ScCl3->H2+2TiCl4+2ScO6C15H21
7  0.091988 -375.704   -43.587  23    12.0  5.170  -22.525  3.781  -26.306  -31.878   4.296  -1.938     2.460   0.754      17.281     18.154     17.600   2TiO6C15H21+8ClH+2ScF3->H2+6FH+2TiCl4+2ScO6C15H21
8  0.062803 -373.214   -51.965  21    12.0  5.296 -163.649  0.171 -163.820 -167.553   3.332  -2.150     2.032   0.519    -111.855   -113.020   -112.281   2TiO6C15H21+8ClH+2ScF->3H2+2FH+2TiCl4+2ScO6C15H21
5  0.016240 -371.026   -78.951  19    11.0  6.813   98.722 -8.263  106.985  113.988  -1.928  -3.225     0.826  -2.676     185.936    183.838    185.168  2TiO6C15H21+4OH2+2ScCl3->H2+6ClH+2TiO2+2ScO6C15H21
4  0.586538 -370.772   -17.566  17    10.0  5.025  125.375 -3.354  128.729  133.085  -1.630  -1.148     0.738  -2.316     146.295    145.995    146.185   2TiO6C15H21+H2+2OH2+2ScCl3->6ClH+2TiO+2ScO6C15H21
6  0.018987 -370.355   -74.661  19    11.0  7.228  110.992 -4.561  115.553  119.712   0.020  -3.212     1.444  -2.411     190.214    189.444    189.932    2TiO6C15H21+4OH2+2ScF3->H2+6FH+2TiO2+2ScO6C15H21
3  0.503520 -370.101   -13.276  17    10.0  5.575  137.645  0.347  137.298  138.810   0.318  -1.135     1.356  -2.051     150.574    151.600    150.949     2TiO6C15H21+H2+2OH2+2ScF3->6FH+2TiO+2ScO6C15H21
2  0.026432 -367.866   -83.039  17     9.0  7.319  -30.131 -8.171  -21.960  -15.963  -0.944  -3.424     1.016  -2.645      61.079     58.269     60.051    2TiO6C15H21+4OH2+2ScF->3H2+2FH+2TiO2+2ScO6C15H21
1  1.000000 -367.612   -21.654  13     7.0  5.692   -3.478 -3.262   -0.216    3.135  -0.646  -1.348     0.928  -2.285      21.438     20.426     21.068      2TiO6C15H21+2OH2+2ScF->H2+2FH+2TiO+2ScO6C15H21
