---------------------------------------------------------------------
Results for m2_00_Tiacac3-PBE0_Coacac_tmp.all 

Average dfH = -370.48 

Uncertainty = 8.08
Computational contribution = 5.1
Experimental contribution = 6.27
---------------------------------------------------------------------
Number of reactions with all coeficients ≤  10 : 3  of  3
Parameters:
h1 = 3.42 
h2 = 96.96 

Summ of all weights = 1.42
---------------------------------------------------------------------
Average values and MSE of reaction characteristics:

                      Mean       St dev
          dfH      -370.48         2.55
     drE_corr       -89.99        14.73
    n+dn_priv         7.21         1.87
          drH        30.18        72.36
         ddrH         0.39         1.89
          drE        29.79        74.07
      drE_CBS        35.78        77.38
       drE_IT        -2.72         0.42
       drE_CV        -0.00         1.83
       drE_SR        -3.70         1.30
   drE_HF_CBS       119.78        62.63
          u/2         3.13         0.15


---------------------------------------------------------------------
3 reactions with the best weights:
---------------------------------------------------------------------
     weight      dfH  drE_corr  dn  n+|dn|      u      drH   ddrH      drE  drE_CBS  drE_CV  drE_IT  drE_TPNO  drE_SR  drE_HF_CBS  drE_HF_TZ  drE_HF_QZ                                            reaction
0  1.000000 -372.145   -97.559  11     6.0  6.130  -16.825  1.528  -18.353  -14.526   1.187  -2.907     0.749  -2.856      79.206     77.965     78.752      2TiO6C15H21+2ClH+2CoCl3->H2+2TiCl4+2CoO6C15H21
1  0.389773 -366.542   -67.248  17    10.0  6.475  143.345 -1.906  145.251  156.164  -2.791  -2.105    -0.356  -5.661     212.499    211.412    212.101   2TiO6C15H21+H2+2OH2+2CoCl3->6ClH+2TiO+2CoO6C15H21
2  0.033456 -366.797  -128.633  19    11.0  7.944  116.693 -6.814  123.507  137.065  -3.089  -4.181    -0.268  -6.020     252.140    249.255    251.084  2TiO6C15H21+4OH2+2CoCl3->H2+6ClH+2TiO2+2CoO6C15H21




---------------------------------------------------------------------
10 reactions with the worst weights:
---------------------------------------------------------------------
     weight      dfH  drE_corr  dn  n+|dn|      u      drH   ddrH      drE  drE_CBS  drE_CV  drE_IT  drE_TPNO  drE_SR  drE_HF_CBS  drE_HF_TZ  drE_HF_QZ                                            reaction
2  0.033456 -366.797  -128.633  19    11.0  7.944  116.693 -6.814  123.507  137.065  -3.089  -4.181    -0.268  -6.020     252.140    249.255    251.084  2TiO6C15H21+4OH2+2CoCl3->H2+6ClH+2TiO2+2CoO6C15H21
1  0.389773 -366.542   -67.248  17    10.0  6.475  143.345 -1.906  145.251  156.164  -2.791  -2.105    -0.356  -5.661     212.499    211.412    212.101   2TiO6C15H21+H2+2OH2+2CoCl3->6ClH+2TiO+2CoO6C15H21
0  1.000000 -372.145   -97.559  11     6.0  6.130  -16.825  1.528  -18.353  -14.526   1.187  -2.907     0.749  -2.856      79.206     77.965     78.752      2TiO6C15H21+2ClH+2CoCl3->H2+2TiCl4+2CoO6C15H21




---------------------------------------------------------------------
10 reactions with the worst dHf:
---------------------------------------------------------------------
     weight      dfH  drE_corr  dn  n+|dn|      u      drH   ddrH      drE  drE_CBS  drE_CV  drE_IT  drE_TPNO  drE_SR  drE_HF_CBS  drE_HF_TZ  drE_HF_QZ                                            reaction
0  1.000000 -372.145   -97.559  11     6.0  6.130  -16.825  1.528  -18.353  -14.526   1.187  -2.907     0.749  -2.856      79.206     77.965     78.752      2TiO6C15H21+2ClH+2CoCl3->H2+2TiCl4+2CoO6C15H21
2  0.033456 -366.797  -128.633  19    11.0  7.944  116.693 -6.814  123.507  137.065  -3.089  -4.181    -0.268  -6.020     252.140    249.255    251.084  2TiO6C15H21+4OH2+2CoCl3->H2+6ClH+2TiO2+2CoO6C15H21
1  0.389773 -366.542   -67.248  17    10.0  6.475  143.345 -1.906  145.251  156.164  -2.791  -2.105    -0.356  -5.661     212.499    211.412    212.101   2TiO6C15H21+H2+2OH2+2CoCl3->6ClH+2TiO+2CoO6C15H21
