---------------------------------------------------------------------
Results for m2_00_Tiacac3-PBE0_Mnacac3_tmp.all 

Average dfH = -373.14 

Uncertainty = 6.64
Computational contribution = 3.17
Experimental contribution = 5.83
---------------------------------------------------------------------
Number of reactions with all coeficients ≤  10 : 9  of  9
Parameters:
h1 = 2.41 
h2 = 74.81 

Summ of all weights = 3.54
---------------------------------------------------------------------
Average values and MSE of reaction characteristics:

                      Mean       St dev
          dfH      -373.14         1.58
     drE_corr       -51.06        16.48
    n+dn_priv         7.64         0.74
          drH       104.42        60.44
         ddrH        -3.21         1.78
          drE       107.62        61.68
      drE_CBS       109.15        63.27
       drE_IT        -2.30         0.48
       drE_CV         1.66         1.53
   drE_HF_CBS       158.68        50.65
          u/2         2.92         0.24


---------------------------------------------------------------------
9 reactions with the best weights:
---------------------------------------------------------------------
     weight      dfH  drE_corr  dn  n+|dn|      u      drH   ddrH      drE  drE_CBS  drE_CV  drE_IT  drE_TPNO  drE_HF_CBS  drE_HF_TZ  drE_HF_QZ                                            reaction
1  1.000000 -370.877   -34.444   7     8.0  5.644  169.210 -3.756  172.966  175.499   0.559  -2.001    -1.091     207.410    208.520    207.816           TiO6C15H21+OH2+MnCl2->2ClH+TiO+MnO6C15H21
4  0.887228 -374.411   -49.363  13     7.0  5.839  116.574 -4.346  120.920  123.152   1.069  -2.126    -1.175     170.283    171.153    170.602    2TiO6C15H21+2OH2+2MnCl->H2+2ClH+2TiO+2MnO6C15H21
3  0.784241 -373.530   -47.472  13     7.0  6.313  108.040 -2.949  110.989  113.049   1.121  -2.082    -1.099     158.461    159.245    158.748      2TiO6C15H21+2OH2+2MnF->H2+2FH+2TiO+2MnO6C15H21
0  0.633493 -373.675   -67.559   7     8.0  5.244    6.235 -0.323    6.558    4.811   4.537  -2.804     0.014      74.117     75.073     74.467          TiO6C15H21+2ClH+MnCl2->H2+TiCl4+MnO6C15H21
7  0.099458 -377.209   -82.478  17    10.0  5.453  -46.401 -0.913  -45.488  -47.535   5.047  -2.929    -0.071      36.990     37.707     37.253      2TiO6C15H21+6ClH+2MnCl->3H2+2TiCl4+2MnO6C15H21
6  0.048257 -375.025  -110.388  17     9.0  7.434   90.281 -9.255   99.536  104.055   0.771  -4.203    -1.087     209.924    208.996    209.585  2TiO6C15H21+4OH2+2MnCl->3H2+2ClH+2TiO2+2MnO6C15H21
5  0.047055 -374.143  -108.497  17     9.0  7.812   81.746 -7.857   89.603   93.950   0.823  -4.159    -1.011     198.100    197.089    197.731    2TiO6C15H21+4OH2+2MnF->3H2+2FH+2TiO2+2MnO6C15H21
2  0.036910 -371.491   -95.469   9    10.0  7.281  142.917 -8.665  151.582  156.401   0.262  -4.078    -1.003     247.051    246.363    246.799      TiO6C15H21+2OH2+MnCl2->H2+2ClH+TiO2+MnO6C15H21
8  0.005646 -376.328   -80.587  21    12.0  5.958  -54.935  0.485  -55.420  -57.640   5.099  -2.885     0.006      25.167     25.799     25.398   2TiO6C15H21+8ClH+2MnF->3H2+2FH+2TiCl4+2MnO6C15H21




---------------------------------------------------------------------
10 reactions with the worst weights:
---------------------------------------------------------------------
     weight      dfH  drE_corr  dn  n+|dn|      u     drH   ddrH    drE  drE_CBS  drE_CV  drE_IT  drE_TPNO  drE_HF_CBS  drE_HF_TZ  drE_HF_QZ                                           reaction
8  0.005646 -376.328   -80.587  21    12.0  5.958 -54.935  0.485 -55.42   -57.64   5.099  -2.885     0.006      25.167     25.799     25.398  2TiO6C15H21+8ClH+2MnF->3H2+2FH+2TiCl4+2MnO6C15H21




---------------------------------------------------------------------
10 reactions with the worst dHf:
---------------------------------------------------------------------
     weight      dfH  drE_corr  dn  n+|dn|      u      drH   ddrH      drE  drE_CBS  drE_CV  drE_IT  drE_TPNO  drE_HF_CBS  drE_HF_TZ  drE_HF_QZ                                            reaction
7  0.099458 -377.209   -82.478  17    10.0  5.453  -46.401 -0.913  -45.488  -47.535   5.047  -2.929    -0.071      36.990     37.707     37.253      2TiO6C15H21+6ClH+2MnCl->3H2+2TiCl4+2MnO6C15H21
8  0.005646 -376.328   -80.587  21    12.0  5.958  -54.935  0.485  -55.420  -57.640   5.099  -2.885     0.006      25.167     25.799     25.398   2TiO6C15H21+8ClH+2MnF->3H2+2FH+2TiCl4+2MnO6C15H21
6  0.048257 -375.025  -110.388  17     9.0  7.434   90.281 -9.255   99.536  104.055   0.771  -4.203    -1.087     209.924    208.996    209.585  2TiO6C15H21+4OH2+2MnCl->3H2+2ClH+2TiO2+2MnO6C15H21
4  0.887228 -374.411   -49.363  13     7.0  5.839  116.574 -4.346  120.920  123.152   1.069  -2.126    -1.175     170.283    171.153    170.602    2TiO6C15H21+2OH2+2MnCl->H2+2ClH+2TiO+2MnO6C15H21
5  0.047055 -374.143  -108.497  17     9.0  7.812   81.746 -7.857   89.603   93.950   0.823  -4.159    -1.011     198.100    197.089    197.731    2TiO6C15H21+4OH2+2MnF->3H2+2FH+2TiO2+2MnO6C15H21
0  0.633493 -373.675   -67.559   7     8.0  5.244    6.235 -0.323    6.558    4.811   4.537  -2.804     0.014      74.117     75.073     74.467          TiO6C15H21+2ClH+MnCl2->H2+TiCl4+MnO6C15H21
3  0.784241 -373.530   -47.472  13     7.0  6.313  108.040 -2.949  110.989  113.049   1.121  -2.082    -1.099     158.461    159.245    158.748      2TiO6C15H21+2OH2+2MnF->H2+2FH+2TiO+2MnO6C15H21
2  0.036910 -371.491   -95.469   9    10.0  7.281  142.917 -8.665  151.582  156.401   0.262  -4.078    -1.003     247.051    246.363    246.799      TiO6C15H21+2OH2+MnCl2->H2+2ClH+TiO2+MnO6C15H21
1  1.000000 -370.877   -34.444   7     8.0  5.644  169.210 -3.756  172.966  175.499   0.559  -2.001    -1.091     207.410    208.520    207.816           TiO6C15H21+OH2+MnCl2->2ClH+TiO+MnO6C15H21
