---------------------------------------------------------------------
Results for m2_00_Tiacac3-PBE0_Feacac3.all 

Average dfH = -373.55 

Uncertainty = 6.57
Computational contribution = 3.29
Experimental contribution = 5.69
---------------------------------------------------------------------
Number of reactions with all coeficients ≤  10 : 9  of  9
Parameters:
h1 = 2.99 
h2 = 38.02 

Summ of all weights = 3.89
---------------------------------------------------------------------
Average values and MSE of reaction characteristics:

                      Mean       St dev
          dfH      -373.55         1.65
     drE_corr       -15.75        14.99
    n+dn_priv         7.43         1.12
          drH        68.62        72.02
         ddrH        -2.56         2.01
          drE        71.18        73.78
      drE_CBS        71.71        75.74
       drE_IT        -1.43         0.38
       drE_CV         0.61         1.63
   drE_HF_CBS        86.93        59.87
          u/2         2.84         0.22


---------------------------------------------------------------------
9 reactions with the best weights:
---------------------------------------------------------------------
     weight      dfH  drE_corr  dn  n+|dn|      u      drH   ddrH      drE  drE_CBS  drE_CV  drE_IT  drE_TPNO  drE_HF_CBS  drE_HF_TZ  drE_HF_QZ                                            reaction
4  1.000000 -373.138   -12.884  13     7.0  6.313   94.501 -4.493   98.994  100.866   0.059  -1.233    -0.698     111.878    113.673    112.535    2TiO6C15H21+2OH2+2FeCl->H2+2ClH+2TiO+2FeO6C15H21
0  0.998974 -373.794     2.421   7     8.0  5.644  150.927 -3.945  154.872  157.257  -0.738  -1.075    -0.572     152.451    154.330    153.139           TiO6C15H21+OH2+FeCl2->2ClH+TiO+FeO6C15H21
3  0.944112 -372.640   -30.401  11     6.0  5.286  -10.330 -0.015  -10.315  -12.072   1.602  -1.783     1.938      20.086     20.747     20.328      2TiO6C15H21+2ClH+2FeCl3->H2+2TiCl4+2FeO6C15H21
1  0.605476 -376.592   -30.694   7     8.0  5.244  -12.048 -0.512  -11.536  -13.430   3.239  -1.877     0.532      19.158     20.883     19.789          TiO6C15H21+2ClH+FeCl2->H2+TiCl4+FeO6C15H21
6  0.256946 -369.842     2.715  17    10.0  5.682  152.645 -3.449  156.094  158.616  -2.376  -0.980     0.834     153.379    154.194    153.677   2TiO6C15H21+H2+2OH2+2FeCl3->6ClH+2TiO+2FeO6C15H21
7  0.054337 -375.936   -46.000  17    10.0  5.958  -68.474 -1.060  -67.414  -69.820   4.036  -2.036     0.406     -21.414    -19.773    -20.814      2TiO6C15H21+6ClH+2FeCl->3H2+2TiCl4+2FeO6C15H21
2  0.014614 -374.408   -58.604   9    10.0  7.281  124.634 -8.853  133.487  138.158  -1.036  -3.151    -0.484     192.091    192.173    192.122      TiO6C15H21+2OH2+FeCl2->H2+2ClH+TiO2+FeO6C15H21
5  0.006832 -373.752   -73.910  17     9.0  7.812   68.208 -9.402   77.610   81.769  -0.239  -3.310    -0.610     151.520    151.517    151.518  2TiO6C15H21+4OH2+2FeCl->3H2+2ClH+2TiO2+2FeO6C15H21
8  0.005418 -370.456   -58.311  19    11.0  7.312  126.352 -8.357  134.709  139.518  -2.674  -3.057     0.922     193.020    192.037    192.660  2TiO6C15H21+4OH2+2FeCl3->H2+6ClH+2TiO2+2FeO6C15H21




---------------------------------------------------------------------
10 reactions with the worst weights:
---------------------------------------------------------------------
     weight      dfH  drE_corr  dn  n+|dn|      u      drH   ddrH      drE  drE_CBS  drE_CV  drE_IT  drE_TPNO  drE_HF_CBS  drE_HF_TZ  drE_HF_QZ                                            reaction
8  0.005418 -370.456   -58.311  19    11.0  7.312  126.352 -8.357  134.709  139.518  -2.674  -3.057     0.922      193.02    192.037     192.66  2TiO6C15H21+4OH2+2FeCl3->H2+6ClH+2TiO2+2FeO6C15H21




---------------------------------------------------------------------
10 reactions with the worst dHf:
---------------------------------------------------------------------
     weight      dfH  drE_corr  dn  n+|dn|      u      drH   ddrH      drE  drE_CBS  drE_CV  drE_IT  drE_TPNO  drE_HF_CBS  drE_HF_TZ  drE_HF_QZ                                            reaction
1  0.605476 -376.592   -30.694   7     8.0  5.244  -12.048 -0.512  -11.536  -13.430   3.239  -1.877     0.532      19.158     20.883     19.789          TiO6C15H21+2ClH+FeCl2->H2+TiCl4+FeO6C15H21
7  0.054337 -375.936   -46.000  17    10.0  5.958  -68.474 -1.060  -67.414  -69.820   4.036  -2.036     0.406     -21.414    -19.773    -20.814      2TiO6C15H21+6ClH+2FeCl->3H2+2TiCl4+2FeO6C15H21
2  0.014614 -374.408   -58.604   9    10.0  7.281  124.634 -8.853  133.487  138.158  -1.036  -3.151    -0.484     192.091    192.173    192.122      TiO6C15H21+2OH2+FeCl2->H2+2ClH+TiO2+FeO6C15H21
0  0.998974 -373.794     2.421   7     8.0  5.644  150.927 -3.945  154.872  157.257  -0.738  -1.075    -0.572     152.451    154.330    153.139           TiO6C15H21+OH2+FeCl2->2ClH+TiO+FeO6C15H21
5  0.006832 -373.752   -73.910  17     9.0  7.812   68.208 -9.402   77.610   81.769  -0.239  -3.310    -0.610     151.520    151.517    151.518  2TiO6C15H21+4OH2+2FeCl->3H2+2ClH+2TiO2+2FeO6C15H21
4  1.000000 -373.138   -12.884  13     7.0  6.313   94.501 -4.493   98.994  100.866   0.059  -1.233    -0.698     111.878    113.673    112.535    2TiO6C15H21+2OH2+2FeCl->H2+2ClH+2TiO+2FeO6C15H21
3  0.944112 -372.640   -30.401  11     6.0  5.286  -10.330 -0.015  -10.315  -12.072   1.602  -1.783     1.938      20.086     20.747     20.328      2TiO6C15H21+2ClH+2FeCl3->H2+2TiCl4+2FeO6C15H21
8  0.005418 -370.456   -58.311  19    11.0  7.312  126.352 -8.357  134.709  139.518  -2.674  -3.057     0.922     193.020    192.037    192.660  2TiO6C15H21+4OH2+2FeCl3->H2+6ClH+2TiO2+2FeO6C15H21
6  0.256946 -369.842     2.715  17    10.0  5.682  152.645 -3.449  156.094  158.616  -2.376  -0.980     0.834     153.379    154.194    153.677   2TiO6C15H21+H2+2OH2+2FeCl3->6ClH+2TiO+2FeO6C15H21
