---------------------------------------------------------------------
Results for m2_00_Tiacac3-PBE0_Cracac_tmp.all 

Average dfH = -371.67 

Uncertainty = 8.35
Computational contribution = 3.95
Experimental contribution = 7.35
---------------------------------------------------------------------
Number of reactions with all coeficients ≤  10 : 6  of  6
Parameters:
h1 = 4.9 
h2 = 66.11 

Summ of all weights = 1.85
---------------------------------------------------------------------
Average values and MSE of reaction characteristics:

                      Mean       St dev
          dfH      -371.67         1.98
     drE_corr       -37.15        23.86
    n+dn_priv         6.55         1.87
          drH        20.72        52.40
         ddrH        -1.80         2.43
          drE        22.53        53.87
      drE_CBS        23.58        56.34
       drE_IT        -1.41         1.01
       drE_CV         0.17         1.26
       drE_SR        -0.74         0.89
   drE_HF_CBS        59.67        54.88
          u/2         3.68         1.46


---------------------------------------------------------------------
6 reactions with the best weights:
---------------------------------------------------------------------
     weight      dfH  drE_corr  dn  n+|dn|       u      drH   ddrH      drE  drE_CBS  drE_CV  drE_IT  drE_TPNO  drE_SR  drE_HF_CBS  drE_HF_TZ  drE_HF_QZ                                            reaction
3  1.000000 -371.553   -41.388  13     7.0   5.258   57.416 -3.344   60.760   63.695  -0.227  -1.818     0.145  -1.035     102.148    102.108    102.134    2TiO6C15H21+2OH2+2CrCl->H2+2ClH+2TiO+2CrO6C15H21
0  0.475345 -370.041    -2.761   4     4.0  11.184    8.841  1.376    7.465    6.455  -0.266   0.173     2.078  -0.975      10.226     11.498     10.692                      TiO6C15H21+CrO->TiO+CrO6C15H21
5  0.175534 -377.156   -71.699  17    10.0   4.827 -102.754  0.090 -102.844 -106.994   3.751  -2.621     1.250   1.770     -31.145    -31.339    -31.216      2TiO6C15H21+6ClH+2CrCl->3H2+2TiCl4+2CrO6C15H21
1  0.134416 -370.295   -64.146   6     6.0  12.094  -17.812 -3.532  -14.280  -12.644  -0.564  -1.904     2.166  -1.334      49.866     49.341     49.675              TiO6C15H21+OH2+CrO->H2+TiO2+CrO6C15H21
4  0.038348 -371.808  -102.773  17     9.0   6.987   30.764 -8.252   39.016   44.597  -0.525  -3.895     0.233  -1.394     141.789    139.951    141.117  2TiO6C15H21+4OH2+2CrCl->3H2+2ClH+2TiO2+2CrO6C15H21
2  0.026583 -375.644   -33.072  10    12.0  10.988 -151.329  4.810 -156.139 -164.233   3.712  -0.630     3.182   1.830    -123.067   -121.949   -122.658        TiO6C15H21+4ClH+CrO->H2+OH2+TiCl4+CrO6C15H21




---------------------------------------------------------------------
10 reactions with the worst weights:
---------------------------------------------------------------------
     weight      dfH  drE_corr  dn  n+|dn|       u      drH   ddrH      drE  drE_CBS  drE_CV  drE_IT  drE_TPNO  drE_SR  drE_HF_CBS  drE_HF_TZ  drE_HF_QZ                                            reaction
2  0.026583 -375.644   -33.072  10    12.0  10.988 -151.329  4.810 -156.139 -164.233   3.712  -0.630     3.182   1.830    -123.067   -121.949   -122.658        TiO6C15H21+4ClH+CrO->H2+OH2+TiCl4+CrO6C15H21
4  0.038348 -371.808  -102.773  17     9.0   6.987   30.764 -8.252   39.016   44.597  -0.525  -3.895     0.233  -1.394     141.789    139.951    141.117  2TiO6C15H21+4OH2+2CrCl->3H2+2ClH+2TiO2+2CrO6C15H21
1  0.134416 -370.295   -64.146   6     6.0  12.094  -17.812 -3.532  -14.280  -12.644  -0.564  -1.904     2.166  -1.334      49.866     49.341     49.675              TiO6C15H21+OH2+CrO->H2+TiO2+CrO6C15H21
5  0.175534 -377.156   -71.699  17    10.0   4.827 -102.754  0.090 -102.844 -106.994   3.751  -2.621     1.250   1.770     -31.145    -31.339    -31.216      2TiO6C15H21+6ClH+2CrCl->3H2+2TiCl4+2CrO6C15H21




---------------------------------------------------------------------
10 reactions with the worst dHf:
---------------------------------------------------------------------
     weight      dfH  drE_corr  dn  n+|dn|       u      drH   ddrH      drE  drE_CBS  drE_CV  drE_IT  drE_TPNO  drE_SR  drE_HF_CBS  drE_HF_TZ  drE_HF_QZ                                            reaction
5  0.175534 -377.156   -71.699  17    10.0   4.827 -102.754  0.090 -102.844 -106.994   3.751  -2.621     1.250   1.770     -31.145    -31.339    -31.216      2TiO6C15H21+6ClH+2CrCl->3H2+2TiCl4+2CrO6C15H21
2  0.026583 -375.644   -33.072  10    12.0  10.988 -151.329  4.810 -156.139 -164.233   3.712  -0.630     3.182   1.830    -123.067   -121.949   -122.658        TiO6C15H21+4ClH+CrO->H2+OH2+TiCl4+CrO6C15H21
4  0.038348 -371.808  -102.773  17     9.0   6.987   30.764 -8.252   39.016   44.597  -0.525  -3.895     0.233  -1.394     141.789    139.951    141.117  2TiO6C15H21+4OH2+2CrCl->3H2+2ClH+2TiO2+2CrO6C15H21
3  1.000000 -371.553   -41.388  13     7.0   5.258   57.416 -3.344   60.760   63.695  -0.227  -1.818     0.145  -1.035     102.148    102.108    102.134    2TiO6C15H21+2OH2+2CrCl->H2+2ClH+2TiO+2CrO6C15H21
1  0.134416 -370.295   -64.146   6     6.0  12.094  -17.812 -3.532  -14.280  -12.644  -0.564  -1.904     2.166  -1.334      49.866     49.341     49.675              TiO6C15H21+OH2+CrO->H2+TiO2+CrO6C15H21
0  0.475345 -370.041    -2.761   4     4.0  11.184    8.841  1.376    7.465    6.455  -0.266   0.173     2.078  -0.975      10.226     11.498     10.692                      TiO6C15H21+CrO->TiO+CrO6C15H21
