---------------------------------------------------------------------
Results for m2_00_Tiacac3-PBE0_Cracac3_tmp.all 

Average dfH = -372.4 

Uncertainty = 7.72
Computational contribution = 2.35
Experimental contribution = 7.36
---------------------------------------------------------------------
Number of reactions with all coeficients ≤  10 : 6  of  6
Parameters:
h1 = 4.9 
h2 = 66.23 

Summ of all weights = 1.83
---------------------------------------------------------------------
Average values and MSE of reaction characteristics:

                      Mean       St dev
          dfH      -372.40         1.18
     drE_corr       -36.44        24.10
    n+dn_priv         6.54         1.84
          drH        22.47        52.19
         ddrH        -1.85         2.44
          drE        24.32        53.64
      drE_CBS        24.66        55.35
       drE_IT        -1.42         1.01
       drE_CV         0.14         1.22
   drE_HF_CBS        60.76        54.37
          u/2         3.68         1.46


---------------------------------------------------------------------
6 reactions with the best weights:
---------------------------------------------------------------------
     weight      dfH  drE_corr  dn  n+|dn|       u      drH   ddrH      drE  drE_CBS  drE_CV  drE_IT  drE_TPNO  drE_HF_CBS  drE_HF_TZ  drE_HF_QZ                                            reaction
3  1.000000 -372.588   -40.353  13     7.0   5.258   58.451 -3.344   61.795   63.695  -0.227  -1.818     0.145     102.148    102.108    102.134    2TiO6C15H21+2OH2+2CrCl->H2+2ClH+2TiO+2CrO6C15H21
0  0.466068 -371.016    -1.787   4     4.0  11.184    9.816  1.376    8.440    6.455  -0.266   0.173     2.078      10.227     11.498     10.692                      TiO6C15H21+CrO->TiO+CrO6C15H21
5  0.162853 -375.386   -73.469  17    10.0   4.827 -104.524  0.090 -104.614 -106.994   3.751  -2.621     1.250     -31.145    -31.339    -31.216      2TiO6C15H21+6ClH+2CrCl->3H2+2TiCl4+2CrO6C15H21
1  0.137316 -371.630   -62.812   6     6.0  12.094  -16.477 -3.532  -12.945  -12.643  -0.564  -1.904     2.166      49.867     49.341     49.675              TiO6C15H21+OH2+CrO->H2+TiO2+CrO6C15H21
4  0.040436 -373.202  -101.379  17     9.0   6.987   32.158 -8.252   40.410   44.597  -0.525  -3.895     0.233     141.789    139.951    141.117  2TiO6C15H21+4OH2+2CrCl->3H2+2ClH+2TiO2+2CrO6C15H21
2  0.025333 -373.814   -34.902  10    12.0  10.988 -153.159  4.810 -157.969 -164.233   3.712  -0.630     3.182    -123.067   -121.949   -122.658        TiO6C15H21+4ClH+CrO->H2+OH2+TiCl4+CrO6C15H21




---------------------------------------------------------------------
10 reactions with the worst weights:
---------------------------------------------------------------------
     weight      dfH  drE_corr  dn  n+|dn|       u      drH   ddrH      drE  drE_CBS  drE_CV  drE_IT  drE_TPNO  drE_HF_CBS  drE_HF_TZ  drE_HF_QZ                                            reaction
2  0.025333 -373.814   -34.902  10    12.0  10.988 -153.159  4.810 -157.969 -164.233   3.712  -0.630     3.182    -123.067   -121.949   -122.658        TiO6C15H21+4ClH+CrO->H2+OH2+TiCl4+CrO6C15H21
4  0.040436 -373.202  -101.379  17     9.0   6.987   32.158 -8.252   40.410   44.597  -0.525  -3.895     0.233     141.789    139.951    141.117  2TiO6C15H21+4OH2+2CrCl->3H2+2ClH+2TiO2+2CrO6C15H21
1  0.137316 -371.630   -62.812   6     6.0  12.094  -16.477 -3.532  -12.945  -12.643  -0.564  -1.904     2.166      49.867     49.341     49.675              TiO6C15H21+OH2+CrO->H2+TiO2+CrO6C15H21
5  0.162853 -375.386   -73.469  17    10.0   4.827 -104.524  0.090 -104.614 -106.994   3.751  -2.621     1.250     -31.145    -31.339    -31.216      2TiO6C15H21+6ClH+2CrCl->3H2+2TiCl4+2CrO6C15H21




---------------------------------------------------------------------
10 reactions with the worst dHf:
---------------------------------------------------------------------
     weight      dfH  drE_corr  dn  n+|dn|       u      drH   ddrH      drE  drE_CBS  drE_CV  drE_IT  drE_TPNO  drE_HF_CBS  drE_HF_TZ  drE_HF_QZ                                            reaction
5  0.162853 -375.386   -73.469  17    10.0   4.827 -104.524  0.090 -104.614 -106.994   3.751  -2.621     1.250     -31.145    -31.339    -31.216      2TiO6C15H21+6ClH+2CrCl->3H2+2TiCl4+2CrO6C15H21
2  0.025333 -373.814   -34.902  10    12.0  10.988 -153.159  4.810 -157.969 -164.233   3.712  -0.630     3.182    -123.067   -121.949   -122.658        TiO6C15H21+4ClH+CrO->H2+OH2+TiCl4+CrO6C15H21
4  0.040436 -373.202  -101.379  17     9.0   6.987   32.158 -8.252   40.410   44.597  -0.525  -3.895     0.233     141.789    139.951    141.117  2TiO6C15H21+4OH2+2CrCl->3H2+2ClH+2TiO2+2CrO6C15H21
3  1.000000 -372.588   -40.353  13     7.0   5.258   58.451 -3.344   61.795   63.695  -0.227  -1.818     0.145     102.148    102.108    102.134    2TiO6C15H21+2OH2+2CrCl->H2+2ClH+2TiO+2CrO6C15H21
1  0.137316 -371.630   -62.812   6     6.0  12.094  -16.477 -3.532  -12.945  -12.643  -0.564  -1.904     2.166      49.867     49.341     49.675              TiO6C15H21+OH2+CrO->H2+TiO2+CrO6C15H21
0  0.466068 -371.016    -1.787   4     4.0  11.184    9.816  1.376    8.440    6.455  -0.266   0.173     2.078      10.227     11.498     10.692                      TiO6C15H21+CrO->TiO+CrO6C15H21
