---------------------------------------------------------------------
Results for m2_00_Tiacac3-PBE0_Feacac_tmp.all 

Average dfH = -373.3 

Uncertainty = 8.72
Computational contribution = 5.59
Experimental contribution = 6.7
---------------------------------------------------------------------
Number of reactions with all coeficients ≤  10 : 9  of  9
Parameters:
h1 = 3.04 
h2 = 39.42 

Summ of all weights = 3.86
---------------------------------------------------------------------
Average values and MSE of reaction characteristics:

                      Mean       St dev
          dfH      -373.30         2.79
     drE_corr       -16.39        14.27
    n+dn_priv         7.46         1.13
          drH        67.47        71.22
         ddrH        -2.56         2.02
          drE        70.03        72.98
      drE_CBS        70.94        75.95
       drE_IT        -1.44         0.39
       drE_CV         0.64         1.65
       drE_SR        -0.38         1.24
   drE_HF_CBS        86.42        60.11
          u/2         3.35         0.19


---------------------------------------------------------------------
9 reactions with the best weights:
---------------------------------------------------------------------
     weight      dfH  drE_corr  dn  n+|dn|      u      drH   ddrH      drE  drE_CBS  drE_CV  drE_IT  drE_TPNO  drE_SR  drE_HF_CBS  drE_HF_TZ  drE_HF_QZ                                            reaction
4  1.000000 -372.124   -13.998  13     7.0  7.230   93.387 -4.493   97.880  100.866   0.059  -1.233    -0.698  -1.114     111.878    113.673    112.535    2TiO6C15H21+2OH2+2FeCl->H2+2ClH+2TiO+2FeO6C15H21
0  0.965797 -372.937     1.464   7     8.0  6.654  149.970 -3.945  153.915  157.257  -0.738  -1.075    -0.572  -0.957     152.451    154.330    153.139           TiO6C15H21+OH2+FeCl2->2ClH+TiO+FeO6C15H21
3  0.905807 -372.817   -30.324  11     6.0  6.354  -10.253 -0.015  -10.238  -12.072   1.602  -1.783     1.938   0.077      20.086     20.747     20.328      2TiO6C15H21+2ClH+2FeCl3->H2+2TiCl4+2FeO6C15H21
1  0.627691 -378.540   -28.846   7     8.0  6.319  -10.200 -0.512   -9.688  -13.430   3.239  -1.877     0.532   1.848      19.158     20.883     19.789          TiO6C15H21+2ClH+FeCl2->H2+TiCl4+FeO6C15H21
6  0.260365 -367.214    -0.013  17    10.0  6.687  149.917 -3.449  153.366  158.616  -2.376  -0.980     0.834  -2.728     153.379    154.194    153.677   2TiO6C15H21+H2+2OH2+2FeCl3->6ClH+2TiO+2FeO6C15H21
7  0.068648 -377.727   -44.309  17    10.0  6.923  -66.783 -1.060  -65.723  -69.820   4.036  -2.036     0.406   1.691     -21.414    -19.773    -20.814      2TiO6C15H21+6ClH+2FeCl->3H2+2TiCl4+2FeO6C15H21
2  0.017637 -373.192   -59.921   9    10.0  8.090  123.318 -8.853  132.171  138.158  -1.036  -3.151    -0.484  -1.316     192.092    192.173    192.122      TiO6C15H21+2OH2+FeCl2->H2+2ClH+TiO2+FeO6C15H21
5  0.008739 -372.378   -75.383  17     9.0  8.570   66.734 -9.402   76.136   81.769  -0.239  -3.310    -0.610  -1.474     151.519    151.517    151.518  2TiO6C15H21+4OH2+2FeCl->3H2+2ClH+2TiO2+2FeO6C15H21
8  0.005878 -367.468   -61.398  19    11.0  8.117  123.264 -8.357  131.621  139.518  -2.674  -3.057     0.922  -3.088     193.019    192.037    192.660  2TiO6C15H21+4OH2+2FeCl3->H2+6ClH+2TiO2+2FeO6C15H21




---------------------------------------------------------------------
10 reactions with the worst weights:
---------------------------------------------------------------------
     weight      dfH  drE_corr  dn  n+|dn|      u      drH   ddrH      drE  drE_CBS  drE_CV  drE_IT  drE_TPNO  drE_SR  drE_HF_CBS  drE_HF_TZ  drE_HF_QZ                                            reaction
8  0.005878 -367.468   -61.398  19    11.0  8.117  123.264 -8.357  131.621  139.518  -2.674  -3.057     0.922  -3.088     193.019    192.037     192.66  2TiO6C15H21+4OH2+2FeCl3->H2+6ClH+2TiO2+2FeO6C15H21




---------------------------------------------------------------------
10 reactions with the worst dHf:
---------------------------------------------------------------------
     weight      dfH  drE_corr  dn  n+|dn|      u      drH   ddrH      drE  drE_CBS  drE_CV  drE_IT  drE_TPNO  drE_SR  drE_HF_CBS  drE_HF_TZ  drE_HF_QZ                                            reaction
1  0.627691 -378.540   -28.846   7     8.0  6.319  -10.200 -0.512   -9.688  -13.430   3.239  -1.877     0.532   1.848      19.158     20.883     19.789          TiO6C15H21+2ClH+FeCl2->H2+TiCl4+FeO6C15H21
7  0.068648 -377.727   -44.309  17    10.0  6.923  -66.783 -1.060  -65.723  -69.820   4.036  -2.036     0.406   1.691     -21.414    -19.773    -20.814      2TiO6C15H21+6ClH+2FeCl->3H2+2TiCl4+2FeO6C15H21
2  0.017637 -373.192   -59.921   9    10.0  8.090  123.318 -8.853  132.171  138.158  -1.036  -3.151    -0.484  -1.316     192.092    192.173    192.122      TiO6C15H21+2OH2+FeCl2->H2+2ClH+TiO2+FeO6C15H21
0  0.965797 -372.937     1.464   7     8.0  6.654  149.970 -3.945  153.915  157.257  -0.738  -1.075    -0.572  -0.957     152.451    154.330    153.139           TiO6C15H21+OH2+FeCl2->2ClH+TiO+FeO6C15H21
3  0.905807 -372.817   -30.324  11     6.0  6.354  -10.253 -0.015  -10.238  -12.072   1.602  -1.783     1.938   0.077      20.086     20.747     20.328      2TiO6C15H21+2ClH+2FeCl3->H2+2TiCl4+2FeO6C15H21
5  0.008739 -372.378   -75.383  17     9.0  8.570   66.734 -9.402   76.136   81.769  -0.239  -3.310    -0.610  -1.474     151.519    151.517    151.518  2TiO6C15H21+4OH2+2FeCl->3H2+2ClH+2TiO2+2FeO6C15H21
4  1.000000 -372.124   -13.998  13     7.0  7.230   93.387 -4.493   97.880  100.866   0.059  -1.233    -0.698  -1.114     111.878    113.673    112.535    2TiO6C15H21+2OH2+2FeCl->H2+2ClH+2TiO+2FeO6C15H21
8  0.005878 -367.468   -61.398  19    11.0  8.117  123.264 -8.357  131.621  139.518  -2.674  -3.057     0.922  -3.088     193.019    192.037    192.660  2TiO6C15H21+4OH2+2FeCl3->H2+6ClH+2TiO2+2FeO6C15H21
6  0.260365 -367.214    -0.013  17    10.0  6.687  149.917 -3.449  153.366  158.616  -2.376  -0.980     0.834  -2.728     153.379    154.194    153.677   2TiO6C15H21+H2+2OH2+2FeCl3->6ClH+2TiO+2FeO6C15H21
