---------------------------------------------------------------------
Results for m2_00_Tiacac3-PBE0_Vacac_tmp.all 

Average dfH = -370.92 

Uncertainty = 8.43
Computational contribution = 5.23
Experimental contribution = 6.62
---------------------------------------------------------------------
Number of reactions with all coeficients ≤  10 : 6  of  6
Parameters:
h1 = 5.22 
h2 = 39.39 

Summ of all weights = 1.82
---------------------------------------------------------------------
Average values and MSE of reaction characteristics:

                      Mean       St dev
          dfH      -370.92         2.61
     drE_corr         6.40        18.16
    n+dn_priv         4.69         2.04
          drH        -0.22        38.90
         ddrH         0.39         1.92
          drE        -0.61        39.95
      drE_CBS        -1.51        41.79
       drE_IT         0.25         0.71
       drE_CV         0.19         1.14
       drE_SR        -0.27         0.90
   drE_HF_CBS        -7.00        39.52
          u/2         3.31         0.48


---------------------------------------------------------------------
6 reactions with the best weights:
---------------------------------------------------------------------
     weight      dfH  drE_corr  dn  n+|dn|      u      drH   ddrH      drE  drE_CBS  drE_CV  drE_IT  drE_TPNO  drE_SR  drE_HF_CBS  drE_HF_TZ  drE_HF_QZ                                    reaction
0  1.000000 -372.082    10.237   4     4.0  5.903   16.682  0.256   16.426   15.543   0.278   0.207     0.476  -0.078       6.189      7.161      6.545                TiO6C15H21+VO->TiO+VO6C15H21
1  0.561759 -367.591     9.097   4     4.0  7.932    0.891  0.286    0.605    0.886  -0.743   0.641     0.990  -1.169      -8.492     -7.610     -8.170              TiO6C15H21+VO2->TiO2+VO6C15H21
2  0.106420 -372.336   -51.148   6     6.0  7.485   -9.971 -4.653   -5.318   -3.554  -0.020  -1.870     0.564  -0.438      45.830     45.004     45.528        TiO6C15H21+OH2+VO->H2+TiO2+VO6C15H21
5  0.090045 -377.685   -20.074  10    12.0  5.523 -143.488  3.689 -147.177 -155.144   4.256  -0.596     1.580   2.727    -127.103   -126.285   -126.804  TiO6C15H21+4ClH+VO->H2+OH2+TiCl4+VO6C15H21
4  0.033656 -372.939    40.172  10    12.0  6.115 -132.627  8.628 -141.255 -150.704   3.532   1.915     2.006   1.996    -181.427   -178.900   -180.502   TiO6C15H21+4ClH+VO2->2OH2+TiCl4+VO6C15H21
3  0.031370 -367.336    70.482   6     6.0  6.461   27.543  5.194   22.349   19.984  -0.446   2.718     0.902  -0.809     -48.133    -45.453    -47.153        TiO6C15H21+H2+VO2->OH2+TiO+VO6C15H21




---------------------------------------------------------------------
10 reactions with the worst weights:
---------------------------------------------------------------------
     weight      dfH  drE_corr  dn  n+|dn|      u      drH   ddrH      drE  drE_CBS  drE_CV  drE_IT  drE_TPNO  drE_SR  drE_HF_CBS  drE_HF_TZ  drE_HF_QZ                                    reaction
3  0.031370 -367.336    70.482   6     6.0  6.461   27.543  5.194   22.349   19.984  -0.446   2.718     0.902  -0.809     -48.133    -45.453    -47.153        TiO6C15H21+H2+VO2->OH2+TiO+VO6C15H21
4  0.033656 -372.939    40.172  10    12.0  6.115 -132.627  8.628 -141.255 -150.704   3.532   1.915     2.006   1.996    -181.427   -178.900   -180.502   TiO6C15H21+4ClH+VO2->2OH2+TiCl4+VO6C15H21
5  0.090045 -377.685   -20.074  10    12.0  5.523 -143.488  3.689 -147.177 -155.144   4.256  -0.596     1.580   2.727    -127.103   -126.285   -126.804  TiO6C15H21+4ClH+VO->H2+OH2+TiCl4+VO6C15H21
2  0.106420 -372.336   -51.148   6     6.0  7.485   -9.971 -4.653   -5.318   -3.554  -0.020  -1.870     0.564  -0.438      45.830     45.004     45.528        TiO6C15H21+OH2+VO->H2+TiO2+VO6C15H21




---------------------------------------------------------------------
10 reactions with the worst dHf:
---------------------------------------------------------------------
     weight      dfH  drE_corr  dn  n+|dn|      u      drH   ddrH      drE  drE_CBS  drE_CV  drE_IT  drE_TPNO  drE_SR  drE_HF_CBS  drE_HF_TZ  drE_HF_QZ                                    reaction
5  0.090045 -377.685   -20.074  10    12.0  5.523 -143.488  3.689 -147.177 -155.144   4.256  -0.596     1.580   2.727    -127.103   -126.285   -126.804  TiO6C15H21+4ClH+VO->H2+OH2+TiCl4+VO6C15H21
4  0.033656 -372.939    40.172  10    12.0  6.115 -132.627  8.628 -141.255 -150.704   3.532   1.915     2.006   1.996    -181.427   -178.900   -180.502   TiO6C15H21+4ClH+VO2->2OH2+TiCl4+VO6C15H21
2  0.106420 -372.336   -51.148   6     6.0  7.485   -9.971 -4.653   -5.318   -3.554  -0.020  -1.870     0.564  -0.438      45.830     45.004     45.528        TiO6C15H21+OH2+VO->H2+TiO2+VO6C15H21
0  1.000000 -372.082    10.237   4     4.0  5.903   16.682  0.256   16.426   15.543   0.278   0.207     0.476  -0.078       6.189      7.161      6.545                TiO6C15H21+VO->TiO+VO6C15H21
1  0.561759 -367.591     9.097   4     4.0  7.932    0.891  0.286    0.605    0.886  -0.743   0.641     0.990  -1.169      -8.492     -7.610     -8.170              TiO6C15H21+VO2->TiO2+VO6C15H21
3  0.031370 -367.336    70.482   6     6.0  6.461   27.543  5.194   22.349   19.984  -0.446   2.718     0.902  -0.809     -48.133    -45.453    -47.153        TiO6C15H21+H2+VO2->OH2+TiO+VO6C15H21
