---------------------------------------------------------------------
Results for m2_00_Tiacac3-PBE0_Coacac3_tmp.all 

Average dfH = -374.19 

Uncertainty = 6.08
Computational contribution = 2.52
Experimental contribution = 5.53
---------------------------------------------------------------------
Number of reactions with all coeficients ≤  10 : 3  of  3
Parameters:
h1 = 3.37 
h2 = 91.85 

Summ of all weights = 1.42
---------------------------------------------------------------------
Average values and MSE of reaction characteristics:

                      Mean       St dev
          dfH      -374.19         1.26
     drE_corr       -86.14        15.63
    n+dn_priv         7.20         1.86
          drH        33.67        73.64
         ddrH         0.41         1.85
          drE        33.25        75.32
      drE_CBS        35.54        77.34
       drE_IT        -2.71         0.41
       drE_CV         0.01         1.82
   drE_HF_CBS       119.40        62.28
          u/2         2.76         0.16


---------------------------------------------------------------------
3 reactions with the best weights:
---------------------------------------------------------------------
     weight      dfH  drE_corr  dn  n+|dn|     u      drH   ddrH      drE  drE_CBS  drE_CV  drE_IT  drE_TPNO  drE_HF_CBS  drE_HF_TZ  drE_HF_QZ                                            reaction
0  1.000000 -375.001   -94.703  11     6.0  5.38  -13.969  1.528  -15.497  -14.526   1.187  -2.907     0.749      79.206     77.965     78.752      2TiO6C15H21+2ClH+2CoCl3->H2+2TiCl4+2CoO6C15H21
1  0.391031 -372.203   -61.587  17    10.0  5.77  149.006 -1.906  150.912  156.164  -2.791  -2.105    -0.356     212.499    211.412    212.101   2TiO6C15H21+H2+2OH2+2CoCl3->6ClH+2TiO+2CoO6C15H21
2  0.028495 -372.817  -122.613  19    11.0  7.38  122.713 -6.814  129.527  137.065  -3.089  -4.181    -0.268     252.140    249.255    251.084  2TiO6C15H21+4OH2+2CoCl3->H2+6ClH+2TiO2+2CoO6C15H21




---------------------------------------------------------------------
10 reactions with the worst weights:
---------------------------------------------------------------------
     weight      dfH  drE_corr  dn  n+|dn|     u      drH   ddrH      drE  drE_CBS  drE_CV  drE_IT  drE_TPNO  drE_HF_CBS  drE_HF_TZ  drE_HF_QZ                                            reaction
2  0.028495 -372.817  -122.613  19    11.0  7.38  122.713 -6.814  129.527  137.065  -3.089  -4.181    -0.268     252.140    249.255    251.084  2TiO6C15H21+4OH2+2CoCl3->H2+6ClH+2TiO2+2CoO6C15H21
1  0.391031 -372.203   -61.587  17    10.0  5.77  149.006 -1.906  150.912  156.164  -2.791  -2.105    -0.356     212.499    211.412    212.101   2TiO6C15H21+H2+2OH2+2CoCl3->6ClH+2TiO+2CoO6C15H21
0  1.000000 -375.001   -94.703  11     6.0  5.38  -13.969  1.528  -15.497  -14.526   1.187  -2.907     0.749      79.206     77.965     78.752      2TiO6C15H21+2ClH+2CoCl3->H2+2TiCl4+2CoO6C15H21




---------------------------------------------------------------------
10 reactions with the worst dHf:
---------------------------------------------------------------------
     weight      dfH  drE_corr  dn  n+|dn|     u      drH   ddrH      drE  drE_CBS  drE_CV  drE_IT  drE_TPNO  drE_HF_CBS  drE_HF_TZ  drE_HF_QZ                                            reaction
0  1.000000 -375.001   -94.703  11     6.0  5.38  -13.969  1.528  -15.497  -14.526   1.187  -2.907     0.749      79.206     77.965     78.752      2TiO6C15H21+2ClH+2CoCl3->H2+2TiCl4+2CoO6C15H21
2  0.028495 -372.817  -122.613  19    11.0  7.38  122.713 -6.814  129.527  137.065  -3.089  -4.181    -0.268     252.140    249.255    251.084  2TiO6C15H21+4OH2+2CoCl3->H2+6ClH+2TiO2+2CoO6C15H21
1  0.391031 -372.203   -61.587  17    10.0  5.77  149.006 -1.906  150.912  156.164  -2.791  -2.105    -0.356     212.499    211.412    212.101   2TiO6C15H21+H2+2OH2+2CoCl3->6ClH+2TiO+2CoO6C15H21
