---------------------------------------------------------------------
Results for m1_00_Coacac3-PBE0_Tiacac3_tmp.all 

Average dfH = -263.74 

Uncertainty = 6.44
Computational contribution = 2.54
Experimental contribution = 5.92
---------------------------------------------------------------------
Number of reactions with all coeficients ≤  10 : 3  of  3
Parameters:
h1 = 3.4 
h2 = 92.21 

Summ of all weights = 1.44
---------------------------------------------------------------------
Average values and MSE of reaction characteristics:

                      Mean       St dev
          dfH      -263.74         1.27
     drE_corr        85.95        15.84
    n+dn_priv         7.24         1.88
          drH       -35.16        74.25
         ddrH        -0.37         1.88
          drE       -34.79        75.96
      drE_CBS       -37.12        78.00
       drE_IT         2.71         0.42
       drE_CV         0.03         1.84
   drE_HF_CBS      -120.74        62.95
          u/2         2.96         0.16


---------------------------------------------------------------------
3 reactions with the best weights:
---------------------------------------------------------------------
     weight      dfH  drE_corr  dn  n+|dn|      u      drH   ddrH      drE  drE_CBS  drE_CV  drE_IT  drE_TPNO  drE_HF_CBS  drE_HF_TZ  drE_HF_QZ                                            reaction
0  1.000000 -262.899    94.703  11     6.0  5.774   13.969 -1.528   15.497   14.526  -1.187   2.907    -0.749     -79.206    -77.965    -78.752      2CoO6C15H21+H2+2TiCl4->2ClH+2CoCl3+2TiO6C15H21
1  0.407019 -265.697    61.587  17    10.0  6.139 -149.006  1.906 -150.912 -156.164   2.791   2.105     0.356    -212.499   -211.412   -212.101   2CoO6C15H21+6ClH+2TiO->H2+2OH2+2CoCl3+2TiO6C15H21
2  0.031875 -265.083   122.613  19    11.0  7.672 -122.713  6.814 -129.527 -137.065   3.089   4.181     0.268    -252.140   -249.255   -251.084  2CoO6C15H21+H2+6ClH+2TiO2->4OH2+2CoCl3+2TiO6C15H21




---------------------------------------------------------------------
10 reactions with the worst weights:
---------------------------------------------------------------------
     weight      dfH  drE_corr  dn  n+|dn|      u      drH   ddrH      drE  drE_CBS  drE_CV  drE_IT  drE_TPNO  drE_HF_CBS  drE_HF_TZ  drE_HF_QZ                                            reaction
2  0.031875 -265.083   122.613  19    11.0  7.672 -122.713  6.814 -129.527 -137.065   3.089   4.181     0.268    -252.140   -249.255   -251.084  2CoO6C15H21+H2+6ClH+2TiO2->4OH2+2CoCl3+2TiO6C15H21
1  0.407019 -265.697    61.587  17    10.0  6.139 -149.006  1.906 -150.912 -156.164   2.791   2.105     0.356    -212.499   -211.412   -212.101   2CoO6C15H21+6ClH+2TiO->H2+2OH2+2CoCl3+2TiO6C15H21
0  1.000000 -262.899    94.703  11     6.0  5.774   13.969 -1.528   15.497   14.526  -1.187   2.907    -0.749     -79.206    -77.965    -78.752      2CoO6C15H21+H2+2TiCl4->2ClH+2CoCl3+2TiO6C15H21




---------------------------------------------------------------------
10 reactions with the worst dHf:
---------------------------------------------------------------------
     weight      dfH  drE_corr  dn  n+|dn|      u      drH   ddrH      drE  drE_CBS  drE_CV  drE_IT  drE_TPNO  drE_HF_CBS  drE_HF_TZ  drE_HF_QZ                                            reaction
1  0.407019 -265.697    61.587  17    10.0  6.139 -149.006  1.906 -150.912 -156.164   2.791   2.105     0.356    -212.499   -211.412   -212.101   2CoO6C15H21+6ClH+2TiO->H2+2OH2+2CoCl3+2TiO6C15H21
2  0.031875 -265.083   122.613  19    11.0  7.672 -122.713  6.814 -129.527 -137.065   3.089   4.181     0.268    -252.140   -249.255   -251.084  2CoO6C15H21+H2+6ClH+2TiO2->4OH2+2CoCl3+2TiO6C15H21
0  1.000000 -262.899    94.703  11     6.0  5.774   13.969 -1.528   15.497   14.526  -1.187   2.907    -0.749     -79.206    -77.965    -78.752      2CoO6C15H21+H2+2TiCl4->2ClH+2CoCl3+2TiO6C15H21
