---------------------------------------------------------------------
Results for m1_00_Coacac3-PBE0_Mnacac3_tmp.all 

Average dfH = -265.72 

Uncertainty = 6.27
Computational contribution = 3.17
Experimental contribution = 5.41
---------------------------------------------------------------------
Number of reactions with all coeficients ≤  10 : 3  of  3
Parameters:
h1 = 2.44 
h2 = 19.53 

Summ of all weights = 1.55
---------------------------------------------------------------------
Average values and MSE of reaction characteristics:

                      Mean       St dev
          dfH      -265.72         1.59
     drE_corr        16.71         6.72
    n+dn_priv         7.54         1.10
          drH       -17.58        24.38
         ddrH        -2.18         0.40
          drE       -15.40        24.20
      drE_CBS       -18.34        24.34
       drE_IT         0.02         0.06
       drE_CV         3.71         0.23
   drE_HF_CBS       -32.11        17.60
          u/2         2.71         0.08


---------------------------------------------------------------------
3 reactions with the best weights:
---------------------------------------------------------------------
     weight      dfH  drE_corr  dn  n+|dn|      u     drH   ddrH     drE  drE_CBS  drE_CV  drE_IT  drE_TPNO  drE_HF_CBS  drE_HF_TZ  drE_HF_QZ                                        reaction
0  1.000000 -266.808    12.225   7     8.0  5.442 -32.432 -2.441 -29.991  -33.010   3.860  -0.022    -0.819     -42.216    -40.259    -41.500       CoO6C15H21+2ClH+MnCl->H2+CoCl3+MnO6C15H21
2  0.453848 -263.274    27.143  11     6.0  5.232  20.204 -1.851  22.055   19.336   3.350   0.104    -0.735      -5.088     -2.892     -4.285  2CoO6C15H21+2ClH+2MnCl2->H2+2CoCl3+2MnO6C15H21
1  0.098117 -265.926    14.116   9    10.0  5.947 -40.967 -1.043 -39.924  -43.115   3.912   0.022    -0.743     -54.040    -52.166    -53.354     CoO6C15H21+3ClH+MnF->H2+FH+CoCl3+MnO6C15H21




---------------------------------------------------------------------
10 reactions with the worst weights:
---------------------------------------------------------------------
     weight      dfH  drE_corr  dn  n+|dn|      u     drH   ddrH     drE  drE_CBS  drE_CV  drE_IT  drE_TPNO  drE_HF_CBS  drE_HF_TZ  drE_HF_QZ                                        reaction
1  0.098117 -265.926    14.116   9    10.0  5.947 -40.967 -1.043 -39.924  -43.115   3.912   0.022    -0.743     -54.040    -52.166    -53.354     CoO6C15H21+3ClH+MnF->H2+FH+CoCl3+MnO6C15H21
2  0.453848 -263.274    27.143  11     6.0  5.232  20.204 -1.851  22.055   19.336   3.350   0.104    -0.735      -5.088     -2.892     -4.285  2CoO6C15H21+2ClH+2MnCl2->H2+2CoCl3+2MnO6C15H21
0  1.000000 -266.808    12.225   7     8.0  5.442 -32.432 -2.441 -29.991  -33.010   3.860  -0.022    -0.819     -42.216    -40.259    -41.500       CoO6C15H21+2ClH+MnCl->H2+CoCl3+MnO6C15H21




---------------------------------------------------------------------
10 reactions with the worst dHf:
---------------------------------------------------------------------
     weight      dfH  drE_corr  dn  n+|dn|      u     drH   ddrH     drE  drE_CBS  drE_CV  drE_IT  drE_TPNO  drE_HF_CBS  drE_HF_TZ  drE_HF_QZ                                        reaction
0  1.000000 -266.808    12.225   7     8.0  5.442 -32.432 -2.441 -29.991  -33.010   3.860  -0.022    -0.819     -42.216    -40.259    -41.500       CoO6C15H21+2ClH+MnCl->H2+CoCl3+MnO6C15H21
1  0.098117 -265.926    14.116   9    10.0  5.947 -40.967 -1.043 -39.924  -43.115   3.912   0.022    -0.743     -54.040    -52.166    -53.354     CoO6C15H21+3ClH+MnF->H2+FH+CoCl3+MnO6C15H21
2  0.453848 -263.274    27.143  11     6.0  5.232  20.204 -1.851  22.055   19.336   3.350   0.104    -0.735      -5.088     -2.892     -4.285  2CoO6C15H21+2ClH+2MnCl2->H2+2CoCl3+2MnO6C15H21
