---------------------------------------------------------------------
Results for m1_00_Coacac3-PBE0_Mnacac_tmp.all 

Average dfH = -269.93 

Uncertainty = 6.87
Computational contribution = 3.06
Experimental contribution = 6.15
---------------------------------------------------------------------
Number of reactions with all coeficients ≤  10 : 3  of  3
Parameters:
h1 = 2.47 
h2 = 23.56 

Summ of all weights = 1.66
---------------------------------------------------------------------
Average values and MSE of reaction characteristics:

                      Mean       St dev
          dfH      -269.93         1.53
     drE_corr        21.64         7.06
    n+dn_priv         7.47         1.14
          drH       -11.22        25.37
         ddrH        -2.15         0.40
          drE        -9.06        25.19
      drE_CBS       -16.34        25.22
       drE_IT         0.02         0.06
       drE_CV         3.69         0.24
       drE_SR         4.35         0.12
   drE_HF_CBS       -30.70        18.25
          u/2         3.08         0.08


---------------------------------------------------------------------
3 reactions with the best weights:
---------------------------------------------------------------------
     weight      dfH  drE_corr  dn  n+|dn|      u     drH   ddrH     drE  drE_CBS  drE_CV  drE_IT  drE_TPNO  drE_SR  drE_HF_CBS  drE_HF_TZ  drE_HF_QZ                                        reaction
0  1.000000 -271.091    16.507   7     8.0  6.185 -28.149 -2.441 -25.708  -33.010   3.860  -0.022    -0.819   4.283     -42.215    -40.259    -41.500       CoO6C15H21+2ClH+MnCl->H2+CoCl3+MnO6C15H21
2  0.549149 -267.783    31.653  11     6.0  6.001  24.713 -1.851  26.564   19.335   3.350   0.104    -0.735   4.510      -5.089     -2.892     -4.285  2CoO6C15H21+2ClH+2MnCl2->H2+2CoCl3+2MnO6C15H21
1  0.109217 -270.071    18.260   9    10.0  6.634 -36.822 -1.043 -35.779  -43.115   3.912   0.022    -0.743   4.145     -54.039    -52.166    -53.354     CoO6C15H21+3ClH+MnF->H2+FH+CoCl3+MnO6C15H21




---------------------------------------------------------------------
10 reactions with the worst weights:
---------------------------------------------------------------------
     weight      dfH  drE_corr  dn  n+|dn|      u     drH   ddrH     drE  drE_CBS  drE_CV  drE_IT  drE_TPNO  drE_SR  drE_HF_CBS  drE_HF_TZ  drE_HF_QZ                                        reaction
1  0.109217 -270.071    18.260   9    10.0  6.634 -36.822 -1.043 -35.779  -43.115   3.912   0.022    -0.743   4.145     -54.039    -52.166    -53.354     CoO6C15H21+3ClH+MnF->H2+FH+CoCl3+MnO6C15H21
2  0.549149 -267.783    31.653  11     6.0  6.001  24.713 -1.851  26.564   19.335   3.350   0.104    -0.735   4.510      -5.089     -2.892     -4.285  2CoO6C15H21+2ClH+2MnCl2->H2+2CoCl3+2MnO6C15H21
0  1.000000 -271.091    16.507   7     8.0  6.185 -28.149 -2.441 -25.708  -33.010   3.860  -0.022    -0.819   4.283     -42.215    -40.259    -41.500       CoO6C15H21+2ClH+MnCl->H2+CoCl3+MnO6C15H21




---------------------------------------------------------------------
10 reactions with the worst dHf:
---------------------------------------------------------------------
     weight      dfH  drE_corr  dn  n+|dn|      u     drH   ddrH     drE  drE_CBS  drE_CV  drE_IT  drE_TPNO  drE_SR  drE_HF_CBS  drE_HF_TZ  drE_HF_QZ                                        reaction
0  1.000000 -271.091    16.507   7     8.0  6.185 -28.149 -2.441 -25.708  -33.010   3.860  -0.022    -0.819   4.283     -42.215    -40.259    -41.500       CoO6C15H21+2ClH+MnCl->H2+CoCl3+MnO6C15H21
1  0.109217 -270.071    18.260   9    10.0  6.634 -36.822 -1.043 -35.779  -43.115   3.912   0.022    -0.743   4.145     -54.039    -52.166    -53.354     CoO6C15H21+3ClH+MnF->H2+FH+CoCl3+MnO6C15H21
2  0.549149 -267.783    31.653  11     6.0  6.001  24.713 -1.851  26.564   19.335   3.350   0.104    -0.735   4.510      -5.089     -2.892     -4.285  2CoO6C15H21+2ClH+2MnCl2->H2+2CoCl3+2MnO6C15H21
