---------------------------------------------------------------------
Results for m1_00_Coacac3-PBE0_Feacac3_tmp.all 

Average dfH = -263.83 

Uncertainty = 7.4
Computational contribution = 3.76
Experimental contribution = 6.37
---------------------------------------------------------------------
Number of reactions with all coeficients ≤  10 : 3  of  3
Parameters:
h1 = 2.48 
h2 = 60.01 

Summ of all weights = 1.63
---------------------------------------------------------------------
Average values and MSE of reaction characteristics:

                      Mean       St dev
          dfH      -263.83         1.88
     drE_corr        63.24         3.74
    n+dn_priv         4.90         1.22
          drH        -0.53        13.91
         ddrH        -1.77         0.31
          drE         1.24        13.68
      drE_CBS        -1.57        13.83
       drE_IT         1.08         0.07
       drE_CV         1.10         0.88
   drE_HF_CBS       -62.00         9.94
          u/2         3.18         0.07


---------------------------------------------------------------------
3 reactions with the best weights:
---------------------------------------------------------------------
     weight      dfH  drE_corr  dn  n+|dn|      u     drH   ddrH     drE  drE_CBS  drE_CV  drE_IT  drE_TPNO  drE_HF_CBS  drE_HF_TZ  drE_HF_QZ                                        reaction
0  1.000000 -262.339    64.302   4     4.0  6.344   3.639 -1.543   5.182    2.454   0.415   1.124     1.189     -59.120    -57.218    -58.424              CoO6C15H21+FeCl3->CoCl3+FeO6C15H21
2  0.532581 -266.291    64.008  11     6.0  6.309   1.921 -2.039   3.960    1.093   2.053   1.030    -0.216     -60.048    -57.082    -58.963  2CoO6C15H21+2ClH+2FeCl2->H2+2CoCl3+2FeO6C15H21
1  0.101386 -265.635    48.703   7     8.0  6.914 -54.505 -2.588 -51.917  -55.296   2.850   0.871    -0.342    -100.620    -97.738    -99.566       CoO6C15H21+2ClH+FeCl->H2+CoCl3+FeO6C15H21




---------------------------------------------------------------------
10 reactions with the worst weights:
---------------------------------------------------------------------
     weight      dfH  drE_corr  dn  n+|dn|      u     drH   ddrH     drE  drE_CBS  drE_CV  drE_IT  drE_TPNO  drE_HF_CBS  drE_HF_TZ  drE_HF_QZ                                        reaction
1  0.101386 -265.635    48.703   7     8.0  6.914 -54.505 -2.588 -51.917  -55.296   2.850   0.871    -0.342    -100.620    -97.738    -99.566       CoO6C15H21+2ClH+FeCl->H2+CoCl3+FeO6C15H21
2  0.532581 -266.291    64.008  11     6.0  6.309   1.921 -2.039   3.960    1.093   2.053   1.030    -0.216     -60.048    -57.082    -58.963  2CoO6C15H21+2ClH+2FeCl2->H2+2CoCl3+2FeO6C15H21
0  1.000000 -262.339    64.302   4     4.0  6.344   3.639 -1.543   5.182    2.454   0.415   1.124     1.189     -59.120    -57.218    -58.424              CoO6C15H21+FeCl3->CoCl3+FeO6C15H21




---------------------------------------------------------------------
10 reactions with the worst dHf:
---------------------------------------------------------------------
     weight      dfH  drE_corr  dn  n+|dn|      u     drH   ddrH     drE  drE_CBS  drE_CV  drE_IT  drE_TPNO  drE_HF_CBS  drE_HF_TZ  drE_HF_QZ                                        reaction
2  0.532581 -266.291    64.008  11     6.0  6.309   1.921 -2.039   3.960    1.093   2.053   1.030    -0.216     -60.048    -57.082    -58.963  2CoO6C15H21+2ClH+2FeCl2->H2+2CoCl3+2FeO6C15H21
1  0.101386 -265.635    48.703   7     8.0  6.914 -54.505 -2.588 -51.917  -55.296   2.850   0.871    -0.342    -100.620    -97.738    -99.566       CoO6C15H21+2ClH+FeCl->H2+CoCl3+FeO6C15H21
0  1.000000 -262.339    64.302   4     4.0  6.344   3.639 -1.543   5.182    2.454   0.415   1.124     1.189     -59.120    -57.218    -58.424              CoO6C15H21+FeCl3->CoCl3+FeO6C15H21
