---------------------------------------------------------------------
Results for m1_00_Coacac3-PBE0_Feacac_tmp.all 

Average dfH = -267.38 

Uncertainty = 8.87
Computational contribution = 5.43
Experimental contribution = 7.01
---------------------------------------------------------------------
Number of reactions with all coeficients ≤  10 : 3  of  3
Parameters:
h1 = 2.49 
h2 = 63.9 

Summ of all weights = 1.61
---------------------------------------------------------------------
Average values and MSE of reaction characteristics:

                      Mean       St dev
          dfH      -267.38         2.71
     drE_corr        66.83         3.56
    n+dn_priv         4.88         1.22
          drH         3.07        13.67
         ddrH        -1.76         0.31
          drE         4.83        13.46
      drE_CBS        -1.57        13.86
       drE_IT         1.08         0.07
       drE_CV         1.08         0.88
       drE_SR         3.59         0.85
   drE_HF_CBS       -62.00         9.96
          u/2         3.51         0.06


---------------------------------------------------------------------
3 reactions with the best weights:
---------------------------------------------------------------------
     weight      dfH  drE_corr  dn  n+|dn|      u     drH   ddrH     drE  drE_CBS  drE_CV  drE_IT  drE_TPNO  drE_SR  drE_HF_CBS  drE_HF_TZ  drE_HF_QZ                                        reaction
0  1.000000 -265.272    67.235   4     4.0  6.991   6.572 -1.543   8.115    2.454   0.415   1.124     1.189   2.933     -59.120    -57.218    -58.424              CoO6C15H21+FeCl3->CoCl3+FeO6C15H21
2  0.505064 -270.995    68.712  11     6.0  6.960   6.625 -2.039   8.664    1.093   2.053   1.030    -0.216   4.704     -60.048    -57.082    -58.963  2CoO6C15H21+2ClH+2FeCl2->H2+2CoCl3+2FeO6C15H21
1  0.100005 -270.182    53.250   7     8.0  7.513 -49.958 -2.588 -47.370  -55.296   2.850   0.871    -0.342   4.547    -100.620    -97.738    -99.566       CoO6C15H21+2ClH+FeCl->H2+CoCl3+FeO6C15H21




---------------------------------------------------------------------
10 reactions with the worst weights:
---------------------------------------------------------------------
     weight      dfH  drE_corr  dn  n+|dn|      u     drH   ddrH     drE  drE_CBS  drE_CV  drE_IT  drE_TPNO  drE_SR  drE_HF_CBS  drE_HF_TZ  drE_HF_QZ                                        reaction
1  0.100005 -270.182    53.250   7     8.0  7.513 -49.958 -2.588 -47.370  -55.296   2.850   0.871    -0.342   4.547    -100.620    -97.738    -99.566       CoO6C15H21+2ClH+FeCl->H2+CoCl3+FeO6C15H21
2  0.505064 -270.995    68.712  11     6.0  6.960   6.625 -2.039   8.664    1.093   2.053   1.030    -0.216   4.704     -60.048    -57.082    -58.963  2CoO6C15H21+2ClH+2FeCl2->H2+2CoCl3+2FeO6C15H21
0  1.000000 -265.272    67.235   4     4.0  6.991   6.572 -1.543   8.115    2.454   0.415   1.124     1.189   2.933     -59.120    -57.218    -58.424              CoO6C15H21+FeCl3->CoCl3+FeO6C15H21




---------------------------------------------------------------------
10 reactions with the worst dHf:
---------------------------------------------------------------------
     weight      dfH  drE_corr  dn  n+|dn|      u     drH   ddrH     drE  drE_CBS  drE_CV  drE_IT  drE_TPNO  drE_SR  drE_HF_CBS  drE_HF_TZ  drE_HF_QZ                                        reaction
2  0.505064 -270.995    68.712  11     6.0  6.960   6.625 -2.039   8.664    1.093   2.053   1.030    -0.216   4.704     -60.048    -57.082    -58.963  2CoO6C15H21+2ClH+2FeCl2->H2+2CoCl3+2FeO6C15H21
1  0.100005 -270.182    53.250   7     8.0  7.513 -49.958 -2.588 -47.370  -55.296   2.850   0.871    -0.342   4.547    -100.620    -97.738    -99.566       CoO6C15H21+2ClH+FeCl->H2+CoCl3+FeO6C15H21
0  1.000000 -265.272    67.235   4     4.0  6.991   6.572 -1.543   8.115    2.454   0.415   1.124     1.189   2.933     -59.120    -57.218    -58.424              CoO6C15H21+FeCl3->CoCl3+FeO6C15H21
