---------------------------------------------------------------------
Results for m1_00_Coacac3-PBE0_Tiacac_tmp.all 

Average dfH = -267.45 

Uncertainty = 8.37
Computational contribution = 5.13
Experimental contribution = 6.61
---------------------------------------------------------------------
Number of reactions with all coeficients ≤  10 : 3  of  3
Parameters:
h1 = 3.45 
h2 = 97.24 

Summ of all weights = 1.44
---------------------------------------------------------------------
Average values and MSE of reaction characteristics:

                      Mean       St dev
          dfH      -267.45         2.57
     drE_corr        89.90        14.88
    n+dn_priv         7.24         1.88
          drH       -31.13        72.74
         ddrH        -0.36         1.92
          drE       -30.76        74.47
      drE_CBS       -36.81        77.81
       drE_IT         2.72         0.43
       drE_CV         0.03         1.84
       drE_SR         3.72         1.30
   drE_HF_CBS      -120.66        63.08
          u/2         3.31         0.15


---------------------------------------------------------------------
3 reactions with the best weights:
---------------------------------------------------------------------
     weight      dfH  drE_corr  dn  n+|dn|      u      drH   ddrH      drE  drE_CBS  drE_CV  drE_IT  drE_TPNO  drE_SR  drE_HF_CBS  drE_HF_TZ  drE_HF_QZ                                            reaction
0  1.000000 -265.755    97.559  11     6.0  6.479   16.825 -1.528   18.353   14.526  -1.187   2.907    -0.749   2.856     -79.206    -77.965    -78.752      2CoO6C15H21+H2+2TiCl4->2ClH+2CoCl3+2TiO6C15H21
1  0.399793 -271.358    67.248  17    10.0  6.807 -143.345  1.906 -145.251 -156.164   2.791   2.105     0.356   5.661    -212.499   -211.412   -212.101   2CoO6C15H21+6ClH+2TiO->H2+2OH2+2CoCl3+2TiO6C15H21
2  0.036085 -271.103   128.633  19    11.0  8.216 -116.693  6.814 -123.507 -137.065   3.089   4.181     0.268   6.020    -252.140   -249.255   -251.084  2CoO6C15H21+H2+6ClH+2TiO2->4OH2+2CoCl3+2TiO6C15H21




---------------------------------------------------------------------
10 reactions with the worst weights:
---------------------------------------------------------------------
     weight      dfH  drE_corr  dn  n+|dn|      u      drH   ddrH      drE  drE_CBS  drE_CV  drE_IT  drE_TPNO  drE_SR  drE_HF_CBS  drE_HF_TZ  drE_HF_QZ                                            reaction
2  0.036085 -271.103   128.633  19    11.0  8.216 -116.693  6.814 -123.507 -137.065   3.089   4.181     0.268   6.020    -252.140   -249.255   -251.084  2CoO6C15H21+H2+6ClH+2TiO2->4OH2+2CoCl3+2TiO6C15H21
1  0.399793 -271.358    67.248  17    10.0  6.807 -143.345  1.906 -145.251 -156.164   2.791   2.105     0.356   5.661    -212.499   -211.412   -212.101   2CoO6C15H21+6ClH+2TiO->H2+2OH2+2CoCl3+2TiO6C15H21
0  1.000000 -265.755    97.559  11     6.0  6.479   16.825 -1.528   18.353   14.526  -1.187   2.907    -0.749   2.856     -79.206    -77.965    -78.752      2CoO6C15H21+H2+2TiCl4->2ClH+2CoCl3+2TiO6C15H21




---------------------------------------------------------------------
10 reactions with the worst dHf:
---------------------------------------------------------------------
     weight      dfH  drE_corr  dn  n+|dn|      u      drH   ddrH      drE  drE_CBS  drE_CV  drE_IT  drE_TPNO  drE_SR  drE_HF_CBS  drE_HF_TZ  drE_HF_QZ                                            reaction
1  0.399793 -271.358    67.248  17    10.0  6.807 -143.345  1.906 -145.251 -156.164   2.791   2.105     0.356   5.661    -212.499   -211.412   -212.101   2CoO6C15H21+6ClH+2TiO->H2+2OH2+2CoCl3+2TiO6C15H21
2  0.036085 -271.103   128.633  19    11.0  8.216 -116.693  6.814 -123.507 -137.065   3.089   4.181     0.268   6.020    -252.140   -249.255   -251.084  2CoO6C15H21+H2+6ClH+2TiO2->4OH2+2CoCl3+2TiO6C15H21
0  1.000000 -265.755    97.559  11     6.0  6.479   16.825 -1.528   18.353   14.526  -1.187   2.907    -0.749   2.856     -79.206    -77.965    -78.752      2CoO6C15H21+H2+2TiCl4->2ClH+2CoCl3+2TiO6C15H21
