---------------------------------------------------------------------
Results for m1_00_Coacac3-PBE0_Scacac_tmp.all 

Average dfH = -268.31 

Uncertainty = 5.98
Computational contribution = 2.18
Experimental contribution = 5.57
---------------------------------------------------------------------
Number of reactions with all coeficients ≤  10 : 3  of  3
Parameters:
h1 = 4.73 
h2 = 49.9 

Summ of all weights = 1.33
---------------------------------------------------------------------
Average values and MSE of reaction characteristics:

                      Mean       St dev
          dfH      -268.31         1.09
     drE_corr        49.55         2.07
    n+dn_priv         5.48         2.59
          drH       -34.93        45.60
         ddrH        -1.05         1.13
          drE       -33.88        45.40
      drE_CBS       -40.88        45.59
       drE_IT         0.93         0.07
       drE_CV         1.51         0.65
       drE_SR         3.38         0.08
   drE_HF_CBS       -83.44        43.74
          u/2         2.78         0.12


---------------------------------------------------------------------
3 reactions with the best weights:
---------------------------------------------------------------------
     weight      dfH  drE_corr  dn  n+|dn|      u      drH   ddrH      drE  drE_CBS  drE_CV  drE_IT  drE_TPNO  drE_SR  drE_HF_CBS  drE_HF_TZ  drE_HF_QZ                                     reaction
0  1.000000 -268.829    49.682   4     4.0  5.423  -17.971 -1.449  -16.522  -23.078   1.161   0.956     1.094   3.345     -66.204    -65.417    -65.916           CoO6C15H21+ScCl3->CoCl3+ScO6C15H21
1  0.188029 -265.669    45.594   9    10.0  6.046 -146.824 -1.357 -145.467 -153.028   2.145   0.757     1.284   3.375    -191.061   -190.985   -191.034  CoO6C15H21+3ClH+ScF->H2+FH+CoCl3+ScO6C15H21
2  0.139539 -268.158    53.972  10    10.0  5.936   -5.701  2.253   -7.954  -17.354   3.109   0.970     1.712   3.609     -61.926    -59.811    -61.152   CoO6C15H21+3ClH+ScF3->3FH+CoCl3+ScO6C15H21




---------------------------------------------------------------------
10 reactions with the worst weights:
---------------------------------------------------------------------
     weight      dfH  drE_corr  dn  n+|dn|      u      drH   ddrH      drE  drE_CBS  drE_CV  drE_IT  drE_TPNO  drE_SR  drE_HF_CBS  drE_HF_TZ  drE_HF_QZ                                     reaction
2  0.139539 -268.158    53.972  10    10.0  5.936   -5.701  2.253   -7.954  -17.354   3.109   0.970     1.712   3.609     -61.926    -59.811    -61.152   CoO6C15H21+3ClH+ScF3->3FH+CoCl3+ScO6C15H21
1  0.188029 -265.669    45.594   9    10.0  6.046 -146.824 -1.357 -145.467 -153.028   2.145   0.757     1.284   3.375    -191.061   -190.985   -191.034  CoO6C15H21+3ClH+ScF->H2+FH+CoCl3+ScO6C15H21
0  1.000000 -268.829    49.682   4     4.0  5.423  -17.971 -1.449  -16.522  -23.078   1.161   0.956     1.094   3.345     -66.204    -65.417    -65.916           CoO6C15H21+ScCl3->CoCl3+ScO6C15H21




---------------------------------------------------------------------
10 reactions with the worst dHf:
---------------------------------------------------------------------
     weight      dfH  drE_corr  dn  n+|dn|      u      drH   ddrH      drE  drE_CBS  drE_CV  drE_IT  drE_TPNO  drE_SR  drE_HF_CBS  drE_HF_TZ  drE_HF_QZ                                     reaction
0  1.000000 -268.829    49.682   4     4.0  5.423  -17.971 -1.449  -16.522  -23.078   1.161   0.956     1.094   3.345     -66.204    -65.417    -65.916           CoO6C15H21+ScCl3->CoCl3+ScO6C15H21
2  0.139539 -268.158    53.972  10    10.0  5.936   -5.701  2.253   -7.954  -17.354   3.109   0.970     1.712   3.609     -61.926    -59.811    -61.152   CoO6C15H21+3ClH+ScF3->3FH+CoCl3+ScO6C15H21
1  0.188029 -265.669    45.594   9    10.0  6.046 -146.824 -1.357 -145.467 -153.028   2.145   0.757     1.284   3.375    -191.061   -190.985   -191.034  CoO6C15H21+3ClH+ScF->H2+FH+CoCl3+ScO6C15H21
