---------------------------------------------------------------------
Results for m1_00_Coacac3-PBE0_Scacac3_tmp.all 

Average dfH = -265.28 

Uncertainty = 4.56
Computational contribution = 0.63
Experimental contribution = 4.52
---------------------------------------------------------------------
Number of reactions with all coeficients ≤  10 : 3  of  3
Parameters:
h1 = 4.9 
h2 = 45.82 

Summ of all weights = 1.47
---------------------------------------------------------------------
Average values and MSE of reaction characteristics:

                      Mean       St dev
          dfH      -265.28         0.32
     drE_corr        45.82         2.25
    n+dn_priv         5.92         2.80
          drH       -48.59        54.21
         ddrH        -1.06         1.10
          drE       -47.53        53.99
      drE_CBS       -51.21        54.23
       drE_IT         0.91         0.08
       drE_CV         1.57         0.65
   drE_HF_CBS       -93.35        52.03
          u/2         2.26         0.14


---------------------------------------------------------------------
3 reactions with the best weights:
---------------------------------------------------------------------
     weight      dfH  drE_corr  dn  n+|dn|      u      drH   ddrH      drE  drE_CBS  drE_CV  drE_IT  drE_TPNO  drE_HF_CBS  drE_HF_TZ  drE_HF_QZ                                     reaction
0  1.000000 -265.485    46.337   4     4.0  4.557  -21.315 -1.449  -19.866  -23.077   1.161   0.956     1.094     -66.203    -65.417    -65.916           CoO6C15H21+ScCl3->CoCl3+ScO6C15H21
1  0.324446 -264.994    42.219   9    10.0  4.123 -150.199 -1.357 -148.842 -153.028   2.145   0.757     1.284    -191.061   -190.985   -191.034  CoO6C15H21+3ClH+ScF->H2+FH+CoCl3+ScO6C15H21
2  0.144774 -264.549    50.362  10    10.0  5.158   -9.310  2.253  -11.563  -17.354   3.109   0.970     1.712     -61.925    -59.811    -61.152   CoO6C15H21+3ClH+ScF3->3FH+CoCl3+ScO6C15H21




---------------------------------------------------------------------
10 reactions with the worst weights:
---------------------------------------------------------------------
     weight      dfH  drE_corr  dn  n+|dn|      u      drH   ddrH      drE  drE_CBS  drE_CV  drE_IT  drE_TPNO  drE_HF_CBS  drE_HF_TZ  drE_HF_QZ                                     reaction
2  0.144774 -264.549    50.362  10    10.0  5.158   -9.310  2.253  -11.563  -17.354   3.109   0.970     1.712     -61.925    -59.811    -61.152   CoO6C15H21+3ClH+ScF3->3FH+CoCl3+ScO6C15H21
1  0.324446 -264.994    42.219   9    10.0  4.123 -150.199 -1.357 -148.842 -153.028   2.145   0.757     1.284    -191.061   -190.985   -191.034  CoO6C15H21+3ClH+ScF->H2+FH+CoCl3+ScO6C15H21
0  1.000000 -265.485    46.337   4     4.0  4.557  -21.315 -1.449  -19.866  -23.077   1.161   0.956     1.094     -66.203    -65.417    -65.916           CoO6C15H21+ScCl3->CoCl3+ScO6C15H21




---------------------------------------------------------------------
10 reactions with the worst dHf:
---------------------------------------------------------------------
     weight      dfH  drE_corr  dn  n+|dn|      u      drH   ddrH      drE  drE_CBS  drE_CV  drE_IT  drE_TPNO  drE_HF_CBS  drE_HF_TZ  drE_HF_QZ                                     reaction
0  1.000000 -265.485    46.337   4     4.0  4.557  -21.315 -1.449  -19.866  -23.077   1.161   0.956     1.094     -66.203    -65.417    -65.916           CoO6C15H21+ScCl3->CoCl3+ScO6C15H21
1  0.324446 -264.994    42.219   9    10.0  4.123 -150.199 -1.357 -148.842 -153.028   2.145   0.757     1.284    -191.061   -190.985   -191.034  CoO6C15H21+3ClH+ScF->H2+FH+CoCl3+ScO6C15H21
2  0.144774 -264.549    50.362  10    10.0  5.158   -9.310  2.253  -11.563  -17.354   3.109   0.970     1.712     -61.925    -59.811    -61.152   CoO6C15H21+3ClH+ScF3->3FH+CoCl3+ScO6C15H21
