---------------------------------------------------------------------
Results for m3_00_Vacac3-PBE0_Mnacac3_tmp.all 

Average dfH = -338.28 

Uncertainty = 6.82
Computational contribution = 3.46
Experimental contribution = 5.87
---------------------------------------------------------------------
Number of reactions with all coeficients ≤  10 : 6  of  6
Parameters:
h1 = 1.68 
h2 = 87.12 

Summ of all weights = 2.91
---------------------------------------------------------------------
Average values and MSE of reaction characteristics:

                      Mean       St dev
          dfH      -338.28         1.73
     drE_corr       -56.46        13.60
    n+dn_priv         7.39         0.57
          drH       113.68        26.97
         ddrH        -4.15         1.08
          drE       117.83        26.95
      drE_CBS       121.14        27.09
       drE_IT        -2.37         0.47
       drE_CV         0.67         0.29
   drE_HF_CBS       174.29        22.16
          u/2         2.94         0.15


---------------------------------------------------------------------
6 reactions with the best weights:
---------------------------------------------------------------------
     weight      dfH  drE_corr  dn  n+|dn|      u      drH   ddrH      drE  drE_CBS  drE_CV  drE_IT  drE_TPNO  drE_HF_CBS  drE_HF_TZ  drE_HF_QZ                                          reaction
3  1.000000 -339.551   -59.678  13     7.0  5.766   99.814 -4.602  104.416  107.609   0.791  -2.333    -1.651     164.094    163.992    164.057    2VO6C15H21+2OH2+2MnCl->H2+2ClH+2VO+2MnO6C15H21
0  0.925022 -336.017   -44.759   7     8.0  5.569  152.450 -4.012  156.462  159.956   0.281  -2.208    -1.567     201.221    201.359    201.271           VO6C15H21+OH2+MnCl2->2ClH+VO+MnO6C15H21
2  0.877517 -338.669   -57.787  13     7.0  6.246   91.279 -3.205   94.484   97.505   0.843  -2.289    -1.575     152.271    152.084    152.202      2VO6C15H21+2OH2+2MnF->H2+2FH+2VO+2MnO6C15H21
5  0.047437 -343.566  -120.654  17     9.0  6.336   88.222 -9.541   97.763  103.170   1.514  -4.844    -2.077     218.417    216.607    217.754  2VO6C15H21+4OH2+2MnCl->3H2+2ClH+2VO2+2MnO6C15H21
4  0.044039 -342.684  -118.763  17     9.0  6.775   79.687 -8.143   87.830   93.064   1.567  -4.800    -2.001     206.593    204.699    205.900    2VO6C15H21+4OH2+2MnF->3H2+2FH+2VO2+2MnO6C15H21
1  0.013441 -340.032  -105.735   9    10.0  6.156  140.858 -8.951  149.809  155.515   1.005  -4.718    -1.993     255.544    253.974    254.969      VO6C15H21+2OH2+MnCl2->H2+2ClH+VO2+MnO6C15H21




---------------------------------------------------------------------
10 reactions with the worst weights:
---------------------------------------------------------------------
     weight      dfH  drE_corr  dn  n+|dn|      u      drH   ddrH      drE  drE_CBS  drE_CV  drE_IT  drE_TPNO  drE_HF_CBS  drE_HF_TZ  drE_HF_QZ                                          reaction
1  0.013441 -340.032  -105.735   9    10.0  6.156  140.858 -8.951  149.809  155.515   1.005  -4.718    -1.993     255.544    253.974    254.969      VO6C15H21+2OH2+MnCl2->H2+2ClH+VO2+MnO6C15H21
4  0.044039 -342.684  -118.763  17     9.0  6.775   79.687 -8.143   87.830   93.064   1.567  -4.800    -2.001     206.593    204.699    205.900    2VO6C15H21+4OH2+2MnF->3H2+2FH+2VO2+2MnO6C15H21
5  0.047437 -343.566  -120.654  17     9.0  6.336   88.222 -9.541   97.763  103.170   1.514  -4.844    -2.077     218.417    216.607    217.754  2VO6C15H21+4OH2+2MnCl->3H2+2ClH+2VO2+2MnO6C15H21
2  0.877517 -338.669   -57.787  13     7.0  6.246   91.279 -3.205   94.484   97.505   0.843  -2.289    -1.575     152.271    152.084    152.202      2VO6C15H21+2OH2+2MnF->H2+2FH+2VO+2MnO6C15H21




---------------------------------------------------------------------
10 reactions with the worst dHf:
---------------------------------------------------------------------
     weight      dfH  drE_corr  dn  n+|dn|      u      drH   ddrH      drE  drE_CBS  drE_CV  drE_IT  drE_TPNO  drE_HF_CBS  drE_HF_TZ  drE_HF_QZ                                          reaction
5  0.047437 -343.566  -120.654  17     9.0  6.336   88.222 -9.541   97.763  103.170   1.514  -4.844    -2.077     218.417    216.607    217.754  2VO6C15H21+4OH2+2MnCl->3H2+2ClH+2VO2+2MnO6C15H21
4  0.044039 -342.684  -118.763  17     9.0  6.775   79.687 -8.143   87.830   93.064   1.567  -4.800    -2.001     206.593    204.699    205.900    2VO6C15H21+4OH2+2MnF->3H2+2FH+2VO2+2MnO6C15H21
1  0.013441 -340.032  -105.735   9    10.0  6.156  140.858 -8.951  149.809  155.515   1.005  -4.718    -1.993     255.544    253.974    254.969      VO6C15H21+2OH2+MnCl2->H2+2ClH+VO2+MnO6C15H21
3  1.000000 -339.551   -59.678  13     7.0  5.766   99.814 -4.602  104.416  107.609   0.791  -2.333    -1.651     164.094    163.992    164.057    2VO6C15H21+2OH2+2MnCl->H2+2ClH+2VO+2MnO6C15H21
2  0.877517 -338.669   -57.787  13     7.0  6.246   91.279 -3.205   94.484   97.505   0.843  -2.289    -1.575     152.271    152.084    152.202      2VO6C15H21+2OH2+2MnF->H2+2FH+2VO+2MnO6C15H21
0  0.925022 -336.017   -44.759   7     8.0  5.569  152.450 -4.012  156.462  159.956   0.281  -2.208    -1.567     201.221    201.359    201.271           VO6C15H21+OH2+MnCl2->2ClH+VO+MnO6C15H21
