---------------------------------------------------------------------
Results for m3_00_Vacac3-PBE0_Tiacac3_tmp.all 

Average dfH = -339.46 

Uncertainty = 8.01
Computational contribution = 3.64
Experimental contribution = 7.13
---------------------------------------------------------------------
Number of reactions with all coeficients ≤  10 : 6  of  6
Parameters:
h1 = 5.16 
h2 = 39.76 

Summ of all weights = 1.86
---------------------------------------------------------------------
Average values and MSE of reaction characteristics:

                      Mean       St dev
          dfH      -339.46         1.82
     drE_corr        -6.57        18.70
    n+dn_priv         4.65         1.96
          drH        -0.78        37.69
         ddrH        -0.34         1.95
          drE        -0.44        38.72
      drE_CBS         0.70        39.86
       drE_IT        -0.25         0.73
       drE_CV        -0.15         1.10
   drE_HF_CBS         6.13        38.72
          u/2         3.57         0.45


---------------------------------------------------------------------
6 reactions with the best weights:
---------------------------------------------------------------------
     weight      dfH  drE_corr  dn  n+|dn|      u      drH   ddrH      drE  drE_CBS  drE_CV  drE_IT  drE_TPNO  drE_HF_CBS  drE_HF_TZ  drE_HF_QZ                                    reaction
0  1.000000 -338.440   -10.315   4     4.0  6.429  -16.760 -0.256  -16.504  -15.543  -0.278  -0.207    -0.476      -6.189     -7.161     -6.545                VO6C15H21+TiO->VO+TiO6C15H21
1  0.596038 -341.841   -10.266   4     4.0  8.330   -2.059 -0.286   -1.773   -0.885   0.743  -0.641    -0.990       8.493      7.610      8.170              VO6C15H21+TiO2->VO2+TiO6C15H21
2  0.119686 -337.826    50.711   6     6.0  7.906    9.533  4.653    4.880    3.554   0.020   1.870    -0.564     -45.831    -45.004    -45.528        VO6C15H21+H2+TiO2->OH2+VO+TiO6C15H21
5  0.077980 -335.642    22.801  10    12.0  6.081  146.215 -3.689  149.904  155.144  -4.256   0.596    -1.580     127.103    126.285    126.804  VO6C15H21+H2+OH2+TiCl4->4ClH+VO+TiO6C15H21
4  0.036333 -339.657   -38.176  10    12.0  6.623  134.623 -8.628  143.251  150.704  -3.532  -1.915    -2.006     181.427    178.900    180.502   VO6C15H21+2OH2+TiCl4->4ClH+VO2+TiO6C15H21
3  0.031700 -342.455   -71.291   6     6.0  6.944  -28.352 -5.194  -23.158  -19.984   0.446  -2.718    -0.902      48.133     45.453     47.153        VO6C15H21+OH2+TiO->H2+VO2+TiO6C15H21




---------------------------------------------------------------------
10 reactions with the worst weights:
---------------------------------------------------------------------
     weight      dfH  drE_corr  dn  n+|dn|      u      drH   ddrH      drE  drE_CBS  drE_CV  drE_IT  drE_TPNO  drE_HF_CBS  drE_HF_TZ  drE_HF_QZ                                    reaction
3  0.031700 -342.455   -71.291   6     6.0  6.944  -28.352 -5.194  -23.158  -19.984   0.446  -2.718    -0.902      48.133     45.453     47.153        VO6C15H21+OH2+TiO->H2+VO2+TiO6C15H21
4  0.036333 -339.657   -38.176  10    12.0  6.623  134.623 -8.628  143.251  150.704  -3.532  -1.915    -2.006     181.427    178.900    180.502   VO6C15H21+2OH2+TiCl4->4ClH+VO2+TiO6C15H21
5  0.077980 -335.642    22.801  10    12.0  6.081  146.215 -3.689  149.904  155.144  -4.256   0.596    -1.580     127.103    126.285    126.804  VO6C15H21+H2+OH2+TiCl4->4ClH+VO+TiO6C15H21
2  0.119686 -337.826    50.711   6     6.0  7.906    9.533  4.653    4.880    3.554   0.020   1.870    -0.564     -45.831    -45.004    -45.528        VO6C15H21+H2+TiO2->OH2+VO+TiO6C15H21




---------------------------------------------------------------------
10 reactions with the worst dHf:
---------------------------------------------------------------------
     weight      dfH  drE_corr  dn  n+|dn|      u      drH   ddrH      drE  drE_CBS  drE_CV  drE_IT  drE_TPNO  drE_HF_CBS  drE_HF_TZ  drE_HF_QZ                                    reaction
3  0.031700 -342.455   -71.291   6     6.0  6.944  -28.352 -5.194  -23.158  -19.984   0.446  -2.718    -0.902      48.133     45.453     47.153        VO6C15H21+OH2+TiO->H2+VO2+TiO6C15H21
1  0.596038 -341.841   -10.266   4     4.0  8.330   -2.059 -0.286   -1.773   -0.885   0.743  -0.641    -0.990       8.493      7.610      8.170              VO6C15H21+TiO2->VO2+TiO6C15H21
4  0.036333 -339.657   -38.176  10    12.0  6.623  134.623 -8.628  143.251  150.704  -3.532  -1.915    -2.006     181.427    178.900    180.502   VO6C15H21+2OH2+TiCl4->4ClH+VO2+TiO6C15H21
0  1.000000 -338.440   -10.315   4     4.0  6.429  -16.760 -0.256  -16.504  -15.543  -0.278  -0.207    -0.476      -6.189     -7.161     -6.545                VO6C15H21+TiO->VO+TiO6C15H21
2  0.119686 -337.826    50.711   6     6.0  7.906    9.533  4.653    4.880    3.554   0.020   1.870    -0.564     -45.831    -45.004    -45.528        VO6C15H21+H2+TiO2->OH2+VO+TiO6C15H21
5  0.077980 -335.642    22.801  10    12.0  6.081  146.215 -3.689  149.904  155.144  -4.256   0.596    -1.580     127.103    126.285    126.804  VO6C15H21+H2+OH2+TiCl4->4ClH+VO+TiO6C15H21
