---------------------------------------------------------------------
Results for m3_00_Vacac3-PBE0_Feacac3_tmp.all 

Average dfH = -338.4 

Uncertainty = 7.48
Computational contribution = 3.02
Experimental contribution = 6.84
---------------------------------------------------------------------
Number of reactions with all coeficients ≤  10 : 6  of  6
Parameters:
h1 = 2.55 
h2 = 51.35 

Summ of all weights = 2.2
---------------------------------------------------------------------
Average values and MSE of reaction characteristics:

                      Mean       St dev
          dfH      -338.40         1.51
     drE_corr       -16.29        14.13
    n+dn_priv         7.96         1.02
          drH       112.00        27.77
         ddrH        -4.55         1.04
          drE       116.55        27.39
      drE_CBS       119.81        27.64
       drE_IT        -1.43         0.50
       drE_CV        -0.90         0.79
   drE_HF_CBS       132.84        22.70
          u/2         3.42         0.15


---------------------------------------------------------------------
6 reactions with the best weights:
---------------------------------------------------------------------
     weight      dfH  drE_corr  dn  n+|dn|      u      drH   ddrH      drE  drE_CBS  drE_CV  drE_IT  drE_TPNO  drE_HF_CBS  drE_HF_TZ  drE_HF_QZ                                          reaction
0  1.000000 -339.034    -7.894   7     8.0  6.591  134.167 -4.201  138.368  141.713  -1.016  -1.281    -1.048     146.262    147.168    146.593           VO6C15H21+OH2+FeCl2->2ClH+VO+FeO6C15H21
2  0.822671 -338.378   -23.199  13     7.0  7.172   77.741 -4.749   82.490   85.323  -0.219  -1.440    -1.174     105.689    106.512    105.990    2VO6C15H21+2OH2+2FeCl->H2+2ClH+2VO+2FeO6C15H21
4  0.288742 -335.082    -7.600  17    10.0  6.624  135.885 -3.705  139.590  143.073  -2.654  -1.187     0.358     147.190    147.032    147.132   2VO6C15H21+H2+2OH2+2FeCl3->6ClH+2VO+2FeO6C15H21
1  0.042583 -343.049   -68.870   9    10.0  7.094  122.575 -9.139  131.714  137.273  -0.293  -3.792    -1.474     200.584    199.783    200.291      VO6C15H21+2OH2+FeCl2->H2+2ClH+VO2+FeO6C15H21
3  0.032679 -342.393   -84.176  17     9.0  7.637   66.149 -9.688   75.837   80.884   0.504  -3.951    -1.600     160.013    159.127    159.688  2VO6C15H21+4OH2+2FeCl->3H2+2ClH+2VO2+2FeO6C15H21
5  0.014561 -339.097   -68.576  19    11.0  7.125  124.293 -8.643  132.936  138.632  -1.930  -3.698    -0.068     201.512    199.647    200.830  2VO6C15H21+4OH2+2FeCl3->H2+6ClH+2VO2+2FeO6C15H21




---------------------------------------------------------------------
10 reactions with the worst weights:
---------------------------------------------------------------------
     weight      dfH  drE_corr  dn  n+|dn|      u      drH   ddrH      drE  drE_CBS  drE_CV  drE_IT  drE_TPNO  drE_HF_CBS  drE_HF_TZ  drE_HF_QZ                                          reaction
5  0.014561 -339.097   -68.576  19    11.0  7.125  124.293 -8.643  132.936  138.632  -1.930  -3.698    -0.068     201.512    199.647    200.830  2VO6C15H21+4OH2+2FeCl3->H2+6ClH+2VO2+2FeO6C15H21
3  0.032679 -342.393   -84.176  17     9.0  7.637   66.149 -9.688   75.837   80.884   0.504  -3.951    -1.600     160.013    159.127    159.688  2VO6C15H21+4OH2+2FeCl->3H2+2ClH+2VO2+2FeO6C15H21
1  0.042583 -343.049   -68.870   9    10.0  7.094  122.575 -9.139  131.714  137.273  -0.293  -3.792    -1.474     200.584    199.783    200.291      VO6C15H21+2OH2+FeCl2->H2+2ClH+VO2+FeO6C15H21
4  0.288742 -335.082    -7.600  17    10.0  6.624  135.885 -3.705  139.590  143.073  -2.654  -1.187     0.358     147.190    147.032    147.132   2VO6C15H21+H2+2OH2+2FeCl3->6ClH+2VO+2FeO6C15H21




---------------------------------------------------------------------
10 reactions with the worst dHf:
---------------------------------------------------------------------
     weight      dfH  drE_corr  dn  n+|dn|      u      drH   ddrH      drE  drE_CBS  drE_CV  drE_IT  drE_TPNO  drE_HF_CBS  drE_HF_TZ  drE_HF_QZ                                          reaction
1  0.042583 -343.049   -68.870   9    10.0  7.094  122.575 -9.139  131.714  137.273  -0.293  -3.792    -1.474     200.584    199.783    200.291      VO6C15H21+2OH2+FeCl2->H2+2ClH+VO2+FeO6C15H21
3  0.032679 -342.393   -84.176  17     9.0  7.637   66.149 -9.688   75.837   80.884   0.504  -3.951    -1.600     160.013    159.127    159.688  2VO6C15H21+4OH2+2FeCl->3H2+2ClH+2VO2+2FeO6C15H21
5  0.014561 -339.097   -68.576  19    11.0  7.125  124.293 -8.643  132.936  138.632  -1.930  -3.698    -0.068     201.512    199.647    200.830  2VO6C15H21+4OH2+2FeCl3->H2+6ClH+2VO2+2FeO6C15H21
0  1.000000 -339.034    -7.894   7     8.0  6.591  134.167 -4.201  138.368  141.713  -1.016  -1.281    -1.048     146.262    147.168    146.593           VO6C15H21+OH2+FeCl2->2ClH+VO+FeO6C15H21
2  0.822671 -338.378   -23.199  13     7.0  7.172   77.741 -4.749   82.490   85.323  -0.219  -1.440    -1.174     105.689    106.512    105.990    2VO6C15H21+2OH2+2FeCl->H2+2ClH+2VO+2FeO6C15H21
4  0.288742 -335.082    -7.600  17    10.0  6.624  135.885 -3.705  139.590  143.073  -2.654  -1.187     0.358     147.190    147.032    147.132   2VO6C15H21+H2+2OH2+2FeCl3->6ClH+2VO+2FeO6C15H21
