---------------------------------------------------------------------
Results for m3_00_Vacac3-PBE0_Feacac_tmp.all 

Average dfH = -337.26 

Uncertainty = 8.03
Computational contribution = 4.2
Experimental contribution = 6.84
---------------------------------------------------------------------
Number of reactions with all coeficients ≤  10 : 6  of  6
Parameters:
h1 = 2.55 
h2 = 52.06 

Summ of all weights = 2.19
---------------------------------------------------------------------
Average values and MSE of reaction characteristics:

                      Mean       St dev
          dfH      -337.26         2.10
     drE_corr       -17.53        14.18
    n+dn_priv         7.96         1.02
          drH       110.88        27.63
         ddrH        -4.56         1.06
          drE       115.44        27.26
      drE_CBS       119.85        27.63
       drE_IT        -1.44         0.51
       drE_CV        -0.90         0.79
       drE_SR        -1.15         0.61
   drE_HF_CBS       132.96        22.75
          u/2         3.42         0.15


---------------------------------------------------------------------
6 reactions with the best weights:
---------------------------------------------------------------------
     weight      dfH  drE_corr  dn  n+|dn|      u      drH   ddrH      drE  drE_CBS  drE_CV  drE_IT  drE_TPNO  drE_SR  drE_HF_CBS  drE_HF_TZ  drE_HF_QZ                                          reaction
0  1.000000 -338.155    -8.772   7     8.0  6.591  133.288 -4.201  137.489  141.713  -1.016  -1.281    -1.048  -0.879     146.261    147.168    146.593           VO6C15H21+OH2+FeCl2->2ClH+VO+FeO6C15H21
2  0.816224 -337.342   -24.235  13     7.0  7.172   76.705 -4.749   81.454   85.323  -0.219  -1.440    -1.174  -1.036     105.689    106.512    105.990    2VO6C15H21+2OH2+2FeCl->H2+2ClH+2VO+2FeO6C15H21
4  0.285269 -332.432   -10.250  17    10.0  6.624  133.235 -3.705  136.940  143.073  -2.654  -1.187     0.358  -2.650     147.190    147.032    147.132   2VO6C15H21+H2+2OH2+2FeCl3->6ClH+2VO+2FeO6C15H21
1  0.044576 -342.901   -69.018   9    10.0  7.094  122.427 -9.139  131.566  137.273  -0.293  -3.792    -1.474  -0.148     200.584    199.783    200.291      VO6C15H21+2OH2+FeCl2->H2+2ClH+VO2+FeO6C15H21
3  0.034641 -342.088   -84.480  17     9.0  7.637   65.844 -9.688   75.532   80.884   0.504  -3.951    -1.600  -0.305     160.012    159.127    159.688  2VO6C15H21+4OH2+2FeCl->3H2+2ClH+2VO2+2FeO6C15H21
5  0.013911 -337.178   -70.495  19    11.0  7.125  122.374 -8.643  131.017  138.632  -1.930  -3.698    -0.068  -1.919     201.512    199.647    200.830  2VO6C15H21+4OH2+2FeCl3->H2+6ClH+2VO2+2FeO6C15H21




---------------------------------------------------------------------
10 reactions with the worst weights:
---------------------------------------------------------------------
     weight      dfH  drE_corr  dn  n+|dn|      u      drH   ddrH      drE  drE_CBS  drE_CV  drE_IT  drE_TPNO  drE_SR  drE_HF_CBS  drE_HF_TZ  drE_HF_QZ                                          reaction
5  0.013911 -337.178   -70.495  19    11.0  7.125  122.374 -8.643  131.017  138.632  -1.930  -3.698    -0.068  -1.919     201.512    199.647    200.830  2VO6C15H21+4OH2+2FeCl3->H2+6ClH+2VO2+2FeO6C15H21
3  0.034641 -342.088   -84.480  17     9.0  7.637   65.844 -9.688   75.532   80.884   0.504  -3.951    -1.600  -0.305     160.012    159.127    159.688  2VO6C15H21+4OH2+2FeCl->3H2+2ClH+2VO2+2FeO6C15H21
1  0.044576 -342.901   -69.018   9    10.0  7.094  122.427 -9.139  131.566  137.273  -0.293  -3.792    -1.474  -0.148     200.584    199.783    200.291      VO6C15H21+2OH2+FeCl2->H2+2ClH+VO2+FeO6C15H21
4  0.285269 -332.432   -10.250  17    10.0  6.624  133.235 -3.705  136.940  143.073  -2.654  -1.187     0.358  -2.650     147.190    147.032    147.132   2VO6C15H21+H2+2OH2+2FeCl3->6ClH+2VO+2FeO6C15H21




---------------------------------------------------------------------
10 reactions with the worst dHf:
---------------------------------------------------------------------
     weight      dfH  drE_corr  dn  n+|dn|      u      drH   ddrH      drE  drE_CBS  drE_CV  drE_IT  drE_TPNO  drE_SR  drE_HF_CBS  drE_HF_TZ  drE_HF_QZ                                          reaction
1  0.044576 -342.901   -69.018   9    10.0  7.094  122.427 -9.139  131.566  137.273  -0.293  -3.792    -1.474  -0.148     200.584    199.783    200.291      VO6C15H21+2OH2+FeCl2->H2+2ClH+VO2+FeO6C15H21
3  0.034641 -342.088   -84.480  17     9.0  7.637   65.844 -9.688   75.532   80.884   0.504  -3.951    -1.600  -0.305     160.012    159.127    159.688  2VO6C15H21+4OH2+2FeCl->3H2+2ClH+2VO2+2FeO6C15H21
0  1.000000 -338.155    -8.772   7     8.0  6.591  133.288 -4.201  137.489  141.713  -1.016  -1.281    -1.048  -0.879     146.261    147.168    146.593           VO6C15H21+OH2+FeCl2->2ClH+VO+FeO6C15H21
2  0.816224 -337.342   -24.235  13     7.0  7.172   76.705 -4.749   81.454   85.323  -0.219  -1.440    -1.174  -1.036     105.689    106.512    105.990    2VO6C15H21+2OH2+2FeCl->H2+2ClH+2VO+2FeO6C15H21
5  0.013911 -337.178   -70.495  19    11.0  7.125  122.374 -8.643  131.017  138.632  -1.930  -3.698    -0.068  -1.919     201.512    199.647    200.830  2VO6C15H21+4OH2+2FeCl3->H2+6ClH+2VO2+2FeO6C15H21
4  0.285269 -332.432   -10.250  17    10.0  6.624  133.235 -3.705  136.940  143.073  -2.654  -1.187     0.358  -2.650     147.190    147.032    147.132   2VO6C15H21+H2+2OH2+2FeCl3->6ClH+2VO+2FeO6C15H21
