---------------------------------------------------------------------
Results for m3_00_Vacac3-PBE0_Scacac_tmp.all 

Average dfH = -334.51 

Uncertainty = 6.58
Computational contribution = 3.68
Experimental contribution = 5.46
---------------------------------------------------------------------
Number of reactions with all coeficients ≤  10 : 6  of  6
Parameters:
h1 = 3.0 
h2 = 62.29 

Summ of all weights = 2.07
---------------------------------------------------------------------
Average values and MSE of reaction characteristics:

                      Mean       St dev
          dfH      -334.51         1.84
     drE_corr       -32.95        15.39
    n+dn_priv         8.55         1.51
          drH        43.84        67.46
         ddrH        -3.06         1.95
          drE        46.91        66.52
      drE_CBS        51.09        66.32
       drE_IT        -1.62         0.63
       drE_CV        -0.92         0.70
       drE_SR        -2.11         0.21
   drE_HF_CBS        79.86        64.53
          u/2         2.73         0.16


---------------------------------------------------------------------
6 reactions with the best weights:
---------------------------------------------------------------------
     weight      dfH  drE_corr  dn  n+|dn|      u      drH   ddrH      drE  drE_CBS  drE_CV  drE_IT  drE_TPNO  drE_SR  drE_HF_CBS  drE_HF_TZ  drE_HF_QZ                                          reaction
0  1.000000 -332.829   -31.891  13     7.0  5.618  -20.161 -3.518  -16.643  -12.410  -0.924  -1.554     0.452  -2.207      15.248     13.265     14.523      2VO6C15H21+2OH2+2ScF->H2+2FH+2VO+2ScO6C15H21
3  0.505577 -335.990   -27.803  17    10.0  4.941  108.693 -3.610  112.303  117.542  -1.908  -1.355     0.262  -2.238     140.106    138.833    139.640   2VO6C15H21+H2+2OH2+2ScCl3->6ClH+2VO+2ScO6C15H21
2  0.432006 -335.319   -23.513  17    10.0  5.499  120.963  0.091  120.872  123.267   0.040  -1.342     0.880  -1.973     144.385    144.439    144.404     2VO6C15H21+H2+2OH2+2ScF3->6FH+2VO+2ScO6C15H21
1  0.076658 -337.575   -92.136  17     9.0  6.201  -31.022 -8.457  -22.565  -16.850  -0.200  -4.065     0.026  -1.476      69.571     65.880     68.220    2VO6C15H21+4OH2+2ScF->3H2+2FH+2VO2+2ScO6C15H21
4  0.030527 -340.065   -83.758  19    11.0  6.093  110.102 -4.847  114.949  118.825   0.764  -3.852     0.454  -1.242     198.707    197.054    198.102    2VO6C15H21+4OH2+2ScF3->H2+6FH+2VO2+2ScO6C15H21
5  0.029938 -340.735   -88.049  19    11.0  5.595   97.831 -8.549  106.380  113.102  -1.185  -3.866    -0.164  -1.507     194.429    191.448    193.338  2VO6C15H21+4OH2+2ScCl3->H2+6ClH+2VO2+2ScO6C15H21




---------------------------------------------------------------------
10 reactions with the worst weights:
---------------------------------------------------------------------
     weight      dfH  drE_corr  dn  n+|dn|      u      drH   ddrH      drE  drE_CBS  drE_CV  drE_IT  drE_TPNO  drE_SR  drE_HF_CBS  drE_HF_TZ  drE_HF_QZ                                          reaction
5  0.029938 -340.735   -88.049  19    11.0  5.595   97.831 -8.549  106.380  113.102  -1.185  -3.866    -0.164  -1.507     194.429    191.448    193.338  2VO6C15H21+4OH2+2ScCl3->H2+6ClH+2VO2+2ScO6C15H21
4  0.030527 -340.065   -83.758  19    11.0  6.093  110.102 -4.847  114.949  118.825   0.764  -3.852     0.454  -1.242     198.707    197.054    198.102    2VO6C15H21+4OH2+2ScF3->H2+6FH+2VO2+2ScO6C15H21
1  0.076658 -337.575   -92.136  17     9.0  6.201  -31.022 -8.457  -22.565  -16.850  -0.200  -4.065     0.026  -1.476      69.571     65.880     68.220    2VO6C15H21+4OH2+2ScF->3H2+2FH+2VO2+2ScO6C15H21
2  0.432006 -335.319   -23.513  17    10.0  5.499  120.963  0.091  120.872  123.267   0.040  -1.342     0.880  -1.973     144.385    144.439    144.404     2VO6C15H21+H2+2OH2+2ScF3->6FH+2VO+2ScO6C15H21




---------------------------------------------------------------------
10 reactions with the worst dHf:
---------------------------------------------------------------------
     weight      dfH  drE_corr  dn  n+|dn|      u      drH   ddrH      drE  drE_CBS  drE_CV  drE_IT  drE_TPNO  drE_SR  drE_HF_CBS  drE_HF_TZ  drE_HF_QZ                                          reaction
5  0.029938 -340.735   -88.049  19    11.0  5.595   97.831 -8.549  106.380  113.102  -1.185  -3.866    -0.164  -1.507     194.429    191.448    193.338  2VO6C15H21+4OH2+2ScCl3->H2+6ClH+2VO2+2ScO6C15H21
4  0.030527 -340.065   -83.758  19    11.0  6.093  110.102 -4.847  114.949  118.825   0.764  -3.852     0.454  -1.242     198.707    197.054    198.102    2VO6C15H21+4OH2+2ScF3->H2+6FH+2VO2+2ScO6C15H21
1  0.076658 -337.575   -92.136  17     9.0  6.201  -31.022 -8.457  -22.565  -16.850  -0.200  -4.065     0.026  -1.476      69.571     65.880     68.220    2VO6C15H21+4OH2+2ScF->3H2+2FH+2VO2+2ScO6C15H21
3  0.505577 -335.990   -27.803  17    10.0  4.941  108.693 -3.610  112.303  117.542  -1.908  -1.355     0.262  -2.238     140.106    138.833    139.640   2VO6C15H21+H2+2OH2+2ScCl3->6ClH+2VO+2ScO6C15H21
2  0.432006 -335.319   -23.513  17    10.0  5.499  120.963  0.091  120.872  123.267   0.040  -1.342     0.880  -1.973     144.385    144.439    144.404     2VO6C15H21+H2+2OH2+2ScF3->6FH+2VO+2ScO6C15H21
0  1.000000 -332.829   -31.891  13     7.0  5.618  -20.161 -3.518  -16.643  -12.410  -0.924  -1.554     0.452  -2.207      15.248     13.265     14.523      2VO6C15H21+2OH2+2ScF->H2+2FH+2VO+2ScO6C15H21
