---------------------------------------------------------------------
Results for m3_00_Vacac3-PBE0_Cracac_tmp.all 

Average dfH = -336.72 

Uncertainty = 8.45
Computational contribution = 3.12
Experimental contribution = 7.85
---------------------------------------------------------------------
Number of reactions with all coeficients ≤  10 : 4  of  4
Parameters:
h1 = 3.66 
h2 = 78.79 

Summ of all weights = 1.87
---------------------------------------------------------------------
Average values and MSE of reaction characteristics:

                      Mean       St dev
          dfH      -336.72         1.56
     drE_corr       -42.41        23.70
    n+dn_priv         5.94         1.45
          drH        17.98        25.36
         ddrH        -2.16         2.47
          drE        20.14        27.07
      drE_CBS        22.41        28.86
       drE_IT        -1.47         1.11
       drE_CV        -0.43         0.24
       drE_SR        -0.84         0.25
   drE_HF_CBS        62.55        44.21
          u/2         3.93         1.49


---------------------------------------------------------------------
4 reactions with the best weights:
---------------------------------------------------------------------
     weight      dfH  drE_corr  dn  n+|dn|       u     drH   ddrH     drE  drE_CBS  drE_CV  drE_IT  drE_TPNO  drE_SR  drE_HF_CBS  drE_HF_TZ  drE_HF_QZ                                          reaction
2  1.000000 -336.771   -51.625  13     7.0   5.178  40.734 -3.600  44.334   48.152  -0.505  -2.025    -0.331  -0.957      95.959     94.947     95.588    2VO6C15H21+2OH2+2CrCl->H2+2ClH+2VO+2CrO6C15H21
0  0.631202 -335.259   -12.998   4     4.0  11.147  -7.841  1.120  -8.961   -9.088  -0.544  -0.034     1.602  -0.897       4.037      4.337      4.146                      VO6C15H21+CrO->VO+CrO6C15H21
1  0.192161 -340.005   -73.244   6     6.0  11.452 -18.702 -3.818 -14.884  -13.528   0.179  -2.545     1.176  -0.166      58.360     56.952     57.844              VO6C15H21+OH2+CrO->H2+VO2+CrO6C15H21
3  0.049359 -341.517  -111.870  17     9.0   5.805  29.873 -8.538  38.411   43.712   0.218  -4.536    -0.757  -0.226     150.281    147.562    149.286  2VO6C15H21+4OH2+2CrCl->3H2+2ClH+2VO2+2CrO6C15H21




---------------------------------------------------------------------
10 reactions with the worst weights:
---------------------------------------------------------------------
     weight      dfH  drE_corr  dn  n+|dn|       u     drH   ddrH     drE  drE_CBS  drE_CV  drE_IT  drE_TPNO  drE_SR  drE_HF_CBS  drE_HF_TZ  drE_HF_QZ                                          reaction
3  0.049359 -341.517  -111.870  17     9.0   5.805  29.873 -8.538  38.411   43.712   0.218  -4.536    -0.757  -0.226     150.281    147.562    149.286  2VO6C15H21+4OH2+2CrCl->3H2+2ClH+2VO2+2CrO6C15H21
1  0.192161 -340.005   -73.244   6     6.0  11.452 -18.702 -3.818 -14.884  -13.528   0.179  -2.545     1.176  -0.166      58.360     56.952     57.844              VO6C15H21+OH2+CrO->H2+VO2+CrO6C15H21
0  0.631202 -335.259   -12.998   4     4.0  11.147  -7.841  1.120  -8.961   -9.088  -0.544  -0.034     1.602  -0.897       4.037      4.337      4.146                      VO6C15H21+CrO->VO+CrO6C15H21
2  1.000000 -336.771   -51.625  13     7.0   5.178  40.734 -3.600  44.334   48.152  -0.505  -2.025    -0.331  -0.957      95.959     94.947     95.588    2VO6C15H21+2OH2+2CrCl->H2+2ClH+2VO+2CrO6C15H21




---------------------------------------------------------------------
10 reactions with the worst dHf:
---------------------------------------------------------------------
     weight      dfH  drE_corr  dn  n+|dn|       u     drH   ddrH     drE  drE_CBS  drE_CV  drE_IT  drE_TPNO  drE_SR  drE_HF_CBS  drE_HF_TZ  drE_HF_QZ                                          reaction
3  0.049359 -341.517  -111.870  17     9.0   5.805  29.873 -8.538  38.411   43.712   0.218  -4.536    -0.757  -0.226     150.281    147.562    149.286  2VO6C15H21+4OH2+2CrCl->3H2+2ClH+2VO2+2CrO6C15H21
1  0.192161 -340.005   -73.244   6     6.0  11.452 -18.702 -3.818 -14.884  -13.528   0.179  -2.545     1.176  -0.166      58.360     56.952     57.844              VO6C15H21+OH2+CrO->H2+VO2+CrO6C15H21
2  1.000000 -336.771   -51.625  13     7.0   5.178  40.734 -3.600  44.334   48.152  -0.505  -2.025    -0.331  -0.957      95.959     94.947     95.588    2VO6C15H21+2OH2+2CrCl->H2+2ClH+2VO+2CrO6C15H21
0  0.631202 -335.259   -12.998   4     4.0  11.147  -7.841  1.120  -8.961   -9.088  -0.544  -0.034     1.602  -0.897       4.037      4.337      4.146                      VO6C15H21+CrO->VO+CrO6C15H21
