---------------------------------------------------------------------
Results for m3_00_Vacac3-PBE0_Cracac3_tmp.all 

Average dfH = -337.55 

Uncertainty = 8.29
Computational contribution = 2.7
Experimental contribution = 7.84
---------------------------------------------------------------------
Number of reactions with all coeficients ≤  10 : 4  of  4
Parameters:
h1 = 3.66 
h2 = 78.37 

Summ of all weights = 1.86
---------------------------------------------------------------------
Average values and MSE of reaction characteristics:

                      Mean       St dev
          dfH      -337.55         1.35
     drE_corr       -41.55        23.75
    n+dn_priv         5.94         1.45
          drH        18.94        25.47
         ddrH        -2.16         2.46
          drE        21.10        27.17
      drE_CBS        22.54        28.84
       drE_IT        -1.47         1.10
       drE_CV        -0.43         0.24
   drE_HF_CBS        62.66        44.16
          u/2         3.92         1.49


---------------------------------------------------------------------
4 reactions with the best weights:
---------------------------------------------------------------------
     weight      dfH  drE_corr  dn  n+|dn|       u     drH   ddrH     drE  drE_CBS  drE_CV  drE_IT  drE_TPNO  drE_HF_CBS  drE_HF_TZ  drE_HF_QZ                                          reaction
2  1.000000 -337.728   -50.668  13     7.0   5.178  41.691 -3.600  45.291   48.152  -0.505  -2.025    -0.331      95.959     94.947     95.588    2VO6C15H21+2OH2+2CrCl->H2+2ClH+2VO+2CrO6C15H21
0  0.626230 -336.156   -12.101   4     4.0  11.147  -6.944  1.120  -8.064   -9.088  -0.544  -0.034     1.602       4.037      4.337      4.146                      VO6C15H21+CrO->VO+CrO6C15H21
1  0.188978 -340.171   -73.078   6     6.0  11.452 -18.536 -3.818 -14.718  -13.528   0.179  -2.545     1.176      58.360     56.952     57.844              VO6C15H21+OH2+CrO->H2+VO2+CrO6C15H21
3  0.048142 -341.743  -111.645  17     9.0   5.805  30.099 -8.538  38.637   43.712   0.218  -4.536    -0.757     150.282    147.562    149.286  2VO6C15H21+4OH2+2CrCl->3H2+2ClH+2VO2+2CrO6C15H21




---------------------------------------------------------------------
10 reactions with the worst weights:
---------------------------------------------------------------------
     weight      dfH  drE_corr  dn  n+|dn|       u     drH   ddrH     drE  drE_CBS  drE_CV  drE_IT  drE_TPNO  drE_HF_CBS  drE_HF_TZ  drE_HF_QZ                                          reaction
3  0.048142 -341.743  -111.645  17     9.0   5.805  30.099 -8.538  38.637   43.712   0.218  -4.536    -0.757     150.282    147.562    149.286  2VO6C15H21+4OH2+2CrCl->3H2+2ClH+2VO2+2CrO6C15H21
1  0.188978 -340.171   -73.078   6     6.0  11.452 -18.536 -3.818 -14.718  -13.528   0.179  -2.545     1.176      58.360     56.952     57.844              VO6C15H21+OH2+CrO->H2+VO2+CrO6C15H21
0  0.626230 -336.156   -12.101   4     4.0  11.147  -6.944  1.120  -8.064   -9.088  -0.544  -0.034     1.602       4.037      4.337      4.146                      VO6C15H21+CrO->VO+CrO6C15H21
2  1.000000 -337.728   -50.668  13     7.0   5.178  41.691 -3.600  45.291   48.152  -0.505  -2.025    -0.331      95.959     94.947     95.588    2VO6C15H21+2OH2+2CrCl->H2+2ClH+2VO+2CrO6C15H21




---------------------------------------------------------------------
10 reactions with the worst dHf:
---------------------------------------------------------------------
     weight      dfH  drE_corr  dn  n+|dn|       u     drH   ddrH     drE  drE_CBS  drE_CV  drE_IT  drE_TPNO  drE_HF_CBS  drE_HF_TZ  drE_HF_QZ                                          reaction
3  0.048142 -341.743  -111.645  17     9.0   5.805  30.099 -8.538  38.637   43.712   0.218  -4.536    -0.757     150.282    147.562    149.286  2VO6C15H21+4OH2+2CrCl->3H2+2ClH+2VO2+2CrO6C15H21
1  0.188978 -340.171   -73.078   6     6.0  11.452 -18.536 -3.818 -14.718  -13.528   0.179  -2.545     1.176      58.360     56.952     57.844              VO6C15H21+OH2+CrO->H2+VO2+CrO6C15H21
2  1.000000 -337.728   -50.668  13     7.0   5.178  41.691 -3.600  45.291   48.152  -0.505  -2.025    -0.331      95.959     94.947     95.588    2VO6C15H21+2OH2+2CrCl->H2+2ClH+2VO+2CrO6C15H21
0  0.626230 -336.156   -12.101   4     4.0  11.147  -6.944  1.120  -8.064   -9.088  -0.544  -0.034     1.602       4.037      4.337      4.146                      VO6C15H21+CrO->VO+CrO6C15H21
