---------------------------------------------------------------------
Results for m3_00_Vacac3-PBE0_Tiacac_tmp.all 

Average dfH = -339.77 

Uncertainty = 8.83
Computational contribution = 5.2
Experimental contribution = 7.13
---------------------------------------------------------------------
Number of reactions with all coeficients ≤  10 : 6  of  6
Parameters:
h1 = 5.16 
h2 = 39.6 

Summ of all weights = 1.87
---------------------------------------------------------------------
Average values and MSE of reaction characteristics:

                      Mean       St dev
          dfH      -339.77         2.60
     drE_corr        -6.33        18.38
    n+dn_priv         4.66         1.97
          drH        -0.35        37.40
         ddrH        -0.35         1.91
          drE         0.01        38.40
      drE_CBS         0.84        40.15
       drE_IT        -0.26         0.72
       drE_CV        -0.15         1.11
       drE_SR         0.30         0.88
   drE_HF_CBS         6.34        38.37
          u/2         3.57         0.45


---------------------------------------------------------------------
6 reactions with the best weights:
---------------------------------------------------------------------
     weight      dfH  drE_corr  dn  n+|dn|      u      drH   ddrH      drE  drE_CBS  drE_CV  drE_IT  drE_TPNO  drE_SR  drE_HF_CBS  drE_HF_TZ  drE_HF_QZ                                    reaction
0  1.000000 -338.518   -10.237   4     4.0  6.429  -16.682 -0.256  -16.426  -15.543  -0.278  -0.207    -0.476   0.078      -6.189     -7.161     -6.545                VO6C15H21+TiO->VO+TiO6C15H21
1  0.604090 -343.009    -9.097   4     4.0  8.330   -0.891 -0.286   -0.605   -0.886   0.743  -0.641    -0.990   1.169       8.492      7.610      8.170              VO6C15H21+TiO2->VO2+TiO6C15H21
2  0.114724 -338.264    51.148   6     6.0  7.906    9.971  4.653    5.318    3.554   0.020   1.870    -0.564   0.438     -45.830    -45.004    -45.528        VO6C15H21+H2+TiO2->OH2+VO+TiO6C15H21
5  0.083749 -332.915    20.074  10    12.0  6.081  143.488 -3.689  147.177  155.144  -4.256   0.596    -1.580  -2.727     127.103    126.285    126.804  VO6C15H21+H2+OH2+TiCl4->4ClH+VO+TiO6C15H21
3  0.033192 -343.264   -70.482   6     6.0  6.944  -27.543 -5.194  -22.349  -19.984   0.446  -2.718    -0.902   0.809      48.133     45.453     47.153        VO6C15H21+OH2+TiO->H2+VO2+TiO6C15H21
4  0.032619 -337.661   -40.172  10    12.0  6.623  132.627 -8.628  141.255  150.704  -3.532  -1.915    -2.006  -1.996     181.427    178.900    180.502   VO6C15H21+2OH2+TiCl4->4ClH+VO2+TiO6C15H21




---------------------------------------------------------------------
10 reactions with the worst weights:
---------------------------------------------------------------------
     weight      dfH  drE_corr  dn  n+|dn|      u      drH   ddrH      drE  drE_CBS  drE_CV  drE_IT  drE_TPNO  drE_SR  drE_HF_CBS  drE_HF_TZ  drE_HF_QZ                                    reaction
4  0.032619 -337.661   -40.172  10    12.0  6.623  132.627 -8.628  141.255  150.704  -3.532  -1.915    -2.006  -1.996     181.427    178.900    180.502   VO6C15H21+2OH2+TiCl4->4ClH+VO2+TiO6C15H21
3  0.033192 -343.264   -70.482   6     6.0  6.944  -27.543 -5.194  -22.349  -19.984   0.446  -2.718    -0.902   0.809      48.133     45.453     47.153        VO6C15H21+OH2+TiO->H2+VO2+TiO6C15H21
5  0.083749 -332.915    20.074  10    12.0  6.081  143.488 -3.689  147.177  155.144  -4.256   0.596    -1.580  -2.727     127.103    126.285    126.804  VO6C15H21+H2+OH2+TiCl4->4ClH+VO+TiO6C15H21
2  0.114724 -338.264    51.148   6     6.0  7.906    9.971  4.653    5.318    3.554   0.020   1.870    -0.564   0.438     -45.830    -45.004    -45.528        VO6C15H21+H2+TiO2->OH2+VO+TiO6C15H21




---------------------------------------------------------------------
10 reactions with the worst dHf:
---------------------------------------------------------------------
     weight      dfH  drE_corr  dn  n+|dn|      u      drH   ddrH      drE  drE_CBS  drE_CV  drE_IT  drE_TPNO  drE_SR  drE_HF_CBS  drE_HF_TZ  drE_HF_QZ                                    reaction
3  0.033192 -343.264   -70.482   6     6.0  6.944  -27.543 -5.194  -22.349  -19.984   0.446  -2.718    -0.902   0.809      48.133     45.453     47.153        VO6C15H21+OH2+TiO->H2+VO2+TiO6C15H21
1  0.604090 -343.009    -9.097   4     4.0  8.330   -0.891 -0.286   -0.605   -0.886   0.743  -0.641    -0.990   1.169       8.492      7.610      8.170              VO6C15H21+TiO2->VO2+TiO6C15H21
0  1.000000 -338.518   -10.237   4     4.0  6.429  -16.682 -0.256  -16.426  -15.543  -0.278  -0.207    -0.476   0.078      -6.189     -7.161     -6.545                VO6C15H21+TiO->VO+TiO6C15H21
2  0.114724 -338.264    51.148   6     6.0  7.906    9.971  4.653    5.318    3.554   0.020   1.870    -0.564   0.438     -45.830    -45.004    -45.528        VO6C15H21+H2+TiO2->OH2+VO+TiO6C15H21
4  0.032619 -337.661   -40.172  10    12.0  6.623  132.627 -8.628  141.255  150.704  -3.532  -1.915    -2.006  -1.996     181.427    178.900    180.502   VO6C15H21+2OH2+TiCl4->4ClH+VO2+TiO6C15H21
5  0.083749 -332.915    20.074  10    12.0  6.081  143.488 -3.689  147.177  155.144  -4.256   0.596    -1.580  -2.727     127.103    126.285    126.804  VO6C15H21+H2+OH2+TiCl4->4ClH+VO+TiO6C15H21
