---------------------------------------------------------------------
Results for m1_00_Scacac3-PBE0_Tiacac_tmp.all 

Average dfH = -414.21 

Uncertainty = 8.72
Computational contribution = 6.89
Experimental contribution = 5.35
---------------------------------------------------------------------
Number of reactions with all coeficients ≤  10 : 9  of  9
Parameters:
h1 = 4.2 
h2 = 49.09 

Summ of all weights = 3.06
---------------------------------------------------------------------
Average values and MSE of reaction characteristics:

                      Mean       St dev
          dfH      -414.21         3.45
     drE_corr        28.47        15.52
    n+dn_priv         8.13         1.91
          drH       -33.63        77.33
         ddrH         1.65         2.10
          drE       -35.29        77.65
      drE_CBS       -36.66        79.47
       drE_IT         1.50         0.43
       drE_CV        -0.29         1.66
       drE_SR         1.42         1.27
   drE_HF_CBS       -63.76        68.10
          u/2         2.68         0.26


---------------------------------------------------------------------
9 reactions with the best weights:
---------------------------------------------------------------------
     weight      dfH  drE_corr  dn  n+|dn|      u      drH   ddrH      drE  drE_CBS  drE_CV  drE_IT  drE_TPNO  drE_SR  drE_HF_CBS  drE_HF_TZ  drE_HF_QZ                                            reaction
1  1.000000 -417.788    21.654  13     7.0  5.763    3.478  3.262    0.216   -3.135   0.646   1.348    -0.928   2.285     -21.438    -20.426    -21.068      2ScO6C15H21+H2+2FH+2TiO->2OH2+2ScF+2TiO6C15H21
0  0.759878 -409.025    47.877  11     6.0  4.659   34.795 -0.079   34.874   37.601  -2.347   1.951    -1.842  -0.489     -13.003    -12.548    -12.836      2ScO6C15H21+H2+2TiCl4->2ClH+2ScCl3+2TiO6C15H21
4  0.583031 -414.628    17.566  17    10.0  5.105 -125.375  3.354 -128.729 -133.085   1.630   1.148    -0.738   2.316    -146.295   -145.995   -146.185   2ScO6C15H21+6ClH+2TiO->H2+2OH2+2ScCl3+2TiO6C15H21
3  0.503371 -415.299    13.276  17    10.0  5.647 -137.645 -0.347 -137.298 -138.810  -0.318   1.135    -1.356   2.051    -150.574   -151.600   -150.949     2ScO6C15H21+6FH+2TiO->H2+2OH2+2ScF3+2TiO6C15H21
7  0.091968 -409.696    43.587  23    12.0  5.248   22.525 -3.781   26.306   31.878  -4.296   1.938    -2.460  -0.754     -17.281    -18.154    -17.600   2ScO6C15H21+H2+6FH+2TiCl4->8ClH+2ScF3+2TiO6C15H21
8  0.062966 -412.186    51.965  21    12.0  5.372  163.649 -0.171  163.820  167.553  -3.332   2.150    -2.032  -0.519     111.855    113.020    112.281   2ScO6C15H21+3H2+2FH+2TiCl4->8ClH+2ScF+2TiO6C15H21
2  0.027001 -417.534    83.039  17     9.0  7.374   30.131  8.171   21.960   15.963   0.944   3.424    -1.016   2.645     -61.079    -58.269    -60.051    2ScO6C15H21+3H2+2FH+2TiO2->4OH2+2ScF+2TiO6C15H21
6  0.019366 -415.045    74.661  19    11.0  7.284 -110.992  4.561 -115.553 -119.712  -0.020   3.212    -1.444   2.411    -190.214   -189.444   -189.932    2ScO6C15H21+H2+6FH+2TiO2->4OH2+2ScF3+2TiO6C15H21
5  0.016553 -414.374    78.951  19    11.0  6.872  -98.722  8.263 -106.985 -113.988   1.928   3.225    -0.826   2.676    -185.936   -183.838   -185.168  2ScO6C15H21+H2+6ClH+2TiO2->4OH2+2ScCl3+2TiO6C15H21




---------------------------------------------------------------------
10 reactions with the worst weights:
---------------------------------------------------------------------
     weight      dfH  drE_corr  dn  n+|dn|      u     drH   ddrH      drE  drE_CBS  drE_CV  drE_IT  drE_TPNO  drE_SR  drE_HF_CBS  drE_HF_TZ  drE_HF_QZ                                            reaction
5  0.016553 -414.374    78.951  19    11.0  6.872 -98.722  8.263 -106.985 -113.988   1.928   3.225    -0.826   2.676    -185.936   -183.838   -185.168  2ScO6C15H21+H2+6ClH+2TiO2->4OH2+2ScCl3+2TiO6C15H21




---------------------------------------------------------------------
10 reactions with the worst dHf:
---------------------------------------------------------------------
     weight      dfH  drE_corr  dn  n+|dn|      u      drH   ddrH      drE  drE_CBS  drE_CV  drE_IT  drE_TPNO  drE_SR  drE_HF_CBS  drE_HF_TZ  drE_HF_QZ                                            reaction
1  1.000000 -417.788    21.654  13     7.0  5.763    3.478  3.262    0.216   -3.135   0.646   1.348    -0.928   2.285     -21.438    -20.426    -21.068      2ScO6C15H21+H2+2FH+2TiO->2OH2+2ScF+2TiO6C15H21
2  0.027001 -417.534    83.039  17     9.0  7.374   30.131  8.171   21.960   15.963   0.944   3.424    -1.016   2.645     -61.079    -58.269    -60.051    2ScO6C15H21+3H2+2FH+2TiO2->4OH2+2ScF+2TiO6C15H21
3  0.503371 -415.299    13.276  17    10.0  5.647 -137.645 -0.347 -137.298 -138.810  -0.318   1.135    -1.356   2.051    -150.574   -151.600   -150.949     2ScO6C15H21+6FH+2TiO->H2+2OH2+2ScF3+2TiO6C15H21
6  0.019366 -415.045    74.661  19    11.0  7.284 -110.992  4.561 -115.553 -119.712  -0.020   3.212    -1.444   2.411    -190.214   -189.444   -189.932    2ScO6C15H21+H2+6FH+2TiO2->4OH2+2ScF3+2TiO6C15H21
4  0.583031 -414.628    17.566  17    10.0  5.105 -125.375  3.354 -128.729 -133.085   1.630   1.148    -0.738   2.316    -146.295   -145.995   -146.185   2ScO6C15H21+6ClH+2TiO->H2+2OH2+2ScCl3+2TiO6C15H21
5  0.016553 -414.374    78.951  19    11.0  6.872  -98.722  8.263 -106.985 -113.988   1.928   3.225    -0.826   2.676    -185.936   -183.838   -185.168  2ScO6C15H21+H2+6ClH+2TiO2->4OH2+2ScCl3+2TiO6C15H21
8  0.062966 -412.186    51.965  21    12.0  5.372  163.649 -0.171  163.820  167.553  -3.332   2.150    -2.032  -0.519     111.855    113.020    112.281   2ScO6C15H21+3H2+2FH+2TiCl4->8ClH+2ScF+2TiO6C15H21
7  0.091968 -409.696    43.587  23    12.0  5.248   22.525 -3.781   26.306   31.878  -4.296   1.938    -2.460  -0.754     -17.281    -18.154    -17.600   2ScO6C15H21+H2+6FH+2TiCl4->8ClH+2ScF3+2TiO6C15H21
0  0.759878 -409.025    47.877  11     6.0  4.659   34.795 -0.079   34.874   37.601  -2.347   1.951    -1.842  -0.489     -13.003    -12.548    -12.836      2ScO6C15H21+H2+2TiCl4->2ClH+2ScCl3+2TiO6C15H21
