---------------------------------------------------------------------
Results for m1_00_Scacac3-PBE0_Cracac_tmp.all 

Average dfH = -413.9 

Uncertainty = 7.34
Computational contribution = 3.06
Experimental contribution = 6.67
---------------------------------------------------------------------
Number of reactions with all coeficients ≤  10 : 6  of  6
Parameters:
h1 = 2.73 
h2 = 22.68 

Summ of all weights = 1.92
---------------------------------------------------------------------
Average values and MSE of reaction characteristics:

                      Mean       St dev
          dfH      -413.90         1.53
     drE_corr       -14.56        14.89
    n+dn_priv         6.99         1.23
          drH         6.18        64.29
         ddrH         0.58         1.83
          drE         5.60        64.42
      drE_CBS         4.29        65.02
       drE_IT        -0.19         0.77
       drE_CV         0.65         0.54
       drE_SR         1.26         0.06
   drE_HF_CBS        20.16        67.67
          u/2         3.34         1.11


---------------------------------------------------------------------
6 reactions with the best weights:
---------------------------------------------------------------------
     weight      dfH  drE_corr  dn  n+|dn|       u      drH   ddrH      drE  drE_CBS  drE_CV  drE_IT  drE_TPNO  drE_SR  drE_HF_CBS  drE_HF_TZ  drE_HF_QZ                                           reaction
0  1.000000 -415.242   -19.734   6     6.0   5.863   60.895 -0.081   60.976   60.560   0.419  -0.471    -0.783   1.251      80.710     81.682     81.066             ScO6C15H21+FH+CrCl->ClH+ScF+CrO6C15H21
1  0.522400 -412.082   -23.822   7     8.0   5.217  -67.958  0.011  -67.969  -69.390   1.403  -0.670    -0.593   1.281     -44.147    -43.887    -44.052          ScO6C15H21+2ClH+CrCl->H2+ScCl3+CrO6C15H21
3  0.242904 -413.729    18.893  13     7.0  11.481   12.319  4.639    7.680    3.318   0.380   1.521     1.150   1.311     -11.213     -8.928    -10.376     2ScO6C15H21+H2+2FH+2CrO->2OH2+2ScF+2CrO6C15H21
2  0.055762 -412.753   -28.112   9    10.0   5.749  -80.228 -3.691  -76.537  -75.114  -0.545  -0.684    -1.211   1.017     -48.425    -49.492    -48.816        ScO6C15H21+3FH+CrCl->H2+ClH+ScF3+CrO6C15H21
4  0.052941 -411.240    10.515  17    10.0  11.423 -128.804  1.029 -129.833 -132.355  -0.584   1.308     0.722   1.076    -140.348   -140.102   -140.258    2ScO6C15H21+6FH+2CrO->H2+2OH2+2ScF3+2CrO6C15H21
5  0.044868 -410.569    14.805  17    10.0  11.165 -116.534  4.731 -121.265 -126.631   1.364   1.321     1.340   1.341    -136.070   -134.497   -135.494  2ScO6C15H21+6ClH+2CrO->H2+2OH2+2ScCl3+2CrO6C15H21




---------------------------------------------------------------------
10 reactions with the worst weights:
---------------------------------------------------------------------
     weight      dfH  drE_corr  dn  n+|dn|       u      drH   ddrH      drE  drE_CBS  drE_CV  drE_IT  drE_TPNO  drE_SR  drE_HF_CBS  drE_HF_TZ  drE_HF_QZ                                           reaction
5  0.044868 -410.569    14.805  17    10.0  11.165 -116.534  4.731 -121.265 -126.631   1.364   1.321     1.340   1.341    -136.070   -134.497   -135.494  2ScO6C15H21+6ClH+2CrO->H2+2OH2+2ScCl3+2CrO6C15H21
4  0.052941 -411.240    10.515  17    10.0  11.423 -128.804  1.029 -129.833 -132.355  -0.584   1.308     0.722   1.076    -140.348   -140.102   -140.258    2ScO6C15H21+6FH+2CrO->H2+2OH2+2ScF3+2CrO6C15H21
2  0.055762 -412.753   -28.112   9    10.0   5.749  -80.228 -3.691  -76.537  -75.114  -0.545  -0.684    -1.211   1.017     -48.425    -49.492    -48.816        ScO6C15H21+3FH+CrCl->H2+ClH+ScF3+CrO6C15H21
3  0.242904 -413.729    18.893  13     7.0  11.481   12.319  4.639    7.680    3.318   0.380   1.521     1.150   1.311     -11.213     -8.928    -10.376     2ScO6C15H21+H2+2FH+2CrO->2OH2+2ScF+2CrO6C15H21




---------------------------------------------------------------------
10 reactions with the worst dHf:
---------------------------------------------------------------------
     weight      dfH  drE_corr  dn  n+|dn|       u      drH   ddrH      drE  drE_CBS  drE_CV  drE_IT  drE_TPNO  drE_SR  drE_HF_CBS  drE_HF_TZ  drE_HF_QZ                                           reaction
0  1.000000 -415.242   -19.734   6     6.0   5.863   60.895 -0.081   60.976   60.560   0.419  -0.471    -0.783   1.251      80.710     81.682     81.066             ScO6C15H21+FH+CrCl->ClH+ScF+CrO6C15H21
3  0.242904 -413.729    18.893  13     7.0  11.481   12.319  4.639    7.680    3.318   0.380   1.521     1.150   1.311     -11.213     -8.928    -10.376     2ScO6C15H21+H2+2FH+2CrO->2OH2+2ScF+2CrO6C15H21
2  0.055762 -412.753   -28.112   9    10.0   5.749  -80.228 -3.691  -76.537  -75.114  -0.545  -0.684    -1.211   1.017     -48.425    -49.492    -48.816        ScO6C15H21+3FH+CrCl->H2+ClH+ScF3+CrO6C15H21
1  0.522400 -412.082   -23.822   7     8.0   5.217  -67.958  0.011  -67.969  -69.390   1.403  -0.670    -0.593   1.281     -44.147    -43.887    -44.052          ScO6C15H21+2ClH+CrCl->H2+ScCl3+CrO6C15H21
4  0.052941 -411.240    10.515  17    10.0  11.423 -128.804  1.029 -129.833 -132.355  -0.584   1.308     0.722   1.076    -140.348   -140.102   -140.258    2ScO6C15H21+6FH+2CrO->H2+2OH2+2ScF3+2CrO6C15H21
5  0.044868 -410.569    14.805  17    10.0  11.165 -116.534  4.731 -121.265 -126.631   1.364   1.321     1.340   1.341    -136.070   -134.497   -135.494  2ScO6C15H21+6ClH+2CrO->H2+2OH2+2ScCl3+2CrO6C15H21
