---------------------------------------------------------------------
Results for m1_00_Scacac3-PBE0_Coacac_tmp.all 

Average dfH = -407.63 

Uncertainty = 6.94
Computational contribution = 2.24
Experimental contribution = 6.57
---------------------------------------------------------------------
Number of reactions with all coeficients ≤  10 : 3  of  3
Parameters:
h1 = 4.78 
h2 = 49.89 

Summ of all weights = 1.36
---------------------------------------------------------------------
Average values and MSE of reaction characteristics:

                      Mean       St dev
          dfH      -407.63         1.12
     drE_corr       -49.54         2.14
    n+dn_priv         5.58         2.64
          drH        36.15        46.95
         ddrH         1.02         1.16
          drE        35.12        46.73
      drE_CBS        42.15        46.92
       drE_IT        -0.93         0.07
       drE_CV        -1.53         0.66
       drE_SR        -3.38         0.08
   drE_HF_CBS        84.66        45.01
          u/2         3.29         0.11


---------------------------------------------------------------------
3 reactions with the best weights:
---------------------------------------------------------------------
     weight      dfH  drE_corr  dn  n+|dn|      u      drH   ddrH      drE  drE_CBS  drE_CV  drE_IT  drE_TPNO  drE_SR  drE_HF_CBS  drE_HF_TZ  drE_HF_QZ                                     reaction
0  1.000000 -407.071   -49.682   4     4.0  6.442   17.971  1.449   16.522   23.078  -1.161  -0.956    -1.094  -3.345      66.204     65.417     65.916           ScO6C15H21+CoCl3->ScCl3+CoO6C15H21
1  0.205841 -410.231   -45.594   9    10.0  6.975  146.824  1.357  145.467  153.028  -2.145  -0.757    -1.284  -3.375     191.061    190.985    191.034  ScO6C15H21+H2+FH+CoCl3->3ClH+ScF+CoO6C15H21
2  0.151327 -407.742   -53.972  10    10.0  6.880    5.701 -2.253    7.954   17.354  -3.109  -0.970    -1.712  -3.609      61.926     59.811     61.152   ScO6C15H21+3FH+CoCl3->3ClH+ScF3+CoO6C15H21




---------------------------------------------------------------------
10 reactions with the worst weights:
---------------------------------------------------------------------
     weight      dfH  drE_corr  dn  n+|dn|      u      drH   ddrH      drE  drE_CBS  drE_CV  drE_IT  drE_TPNO  drE_SR  drE_HF_CBS  drE_HF_TZ  drE_HF_QZ                                     reaction
2  0.151327 -407.742   -53.972  10    10.0  6.880    5.701 -2.253    7.954   17.354  -3.109  -0.970    -1.712  -3.609      61.926     59.811     61.152   ScO6C15H21+3FH+CoCl3->3ClH+ScF3+CoO6C15H21
1  0.205841 -410.231   -45.594   9    10.0  6.975  146.824  1.357  145.467  153.028  -2.145  -0.757    -1.284  -3.375     191.061    190.985    191.034  ScO6C15H21+H2+FH+CoCl3->3ClH+ScF+CoO6C15H21
0  1.000000 -407.071   -49.682   4     4.0  6.442   17.971  1.449   16.522   23.078  -1.161  -0.956    -1.094  -3.345      66.204     65.417     65.916           ScO6C15H21+CoCl3->ScCl3+CoO6C15H21




---------------------------------------------------------------------
10 reactions with the worst dHf:
---------------------------------------------------------------------
     weight      dfH  drE_corr  dn  n+|dn|      u      drH   ddrH      drE  drE_CBS  drE_CV  drE_IT  drE_TPNO  drE_SR  drE_HF_CBS  drE_HF_TZ  drE_HF_QZ                                     reaction
1  0.205841 -410.231   -45.594   9    10.0  6.975  146.824  1.357  145.467  153.028  -2.145  -0.757    -1.284  -3.375     191.061    190.985    191.034  ScO6C15H21+H2+FH+CoCl3->3ClH+ScF+CoO6C15H21
2  0.151327 -407.742   -53.972  10    10.0  6.880    5.701 -2.253    7.954   17.354  -3.109  -0.970    -1.712  -3.609      61.926     59.811     61.152   ScO6C15H21+3FH+CoCl3->3ClH+ScF3+CoO6C15H21
0  1.000000 -407.071   -49.682   4     4.0  6.442   17.971  1.449   16.522   23.078  -1.161  -0.956    -1.094  -3.345      66.204     65.417     65.916           ScO6C15H21+CoCl3->ScCl3+CoO6C15H21
