---------------------------------------------------------------------
Results for m1_00_Scacac3-PBE0_Feacac_tmp.all 

Average dfH = -412.83 

Uncertainty = 9.27
Computational contribution = 5.84
Experimental contribution = 7.2
---------------------------------------------------------------------
Number of reactions with all coeficients ≤  10 : 9  of  9
Parameters:
h1 = 4.46 
h2 = 15.71 

Summ of all weights = 3.4
---------------------------------------------------------------------
Average values and MSE of reaction characteristics:

                      Mean       St dev
          dfH      -412.83         2.92
     drE_corr        10.25         6.82
    n+dn_priv         6.82         1.93
          drH        32.25        56.73
         ddrH        -1.41         1.37
          drE        33.66        56.29
      drE_CBS        33.65        56.36
       drE_IT         0.07         0.11
       drE_CV         0.35         1.11
       drE_SR         0.81         0.70
   drE_HF_CBS        23.41        54.15
          u/2         3.60         0.21


---------------------------------------------------------------------
9 reactions with the best weights:
---------------------------------------------------------------------
     weight      dfH  drE_corr  dn  n+|dn|      u      drH   ddrH      drE  drE_CBS  drE_CV  drE_IT  drE_TPNO  drE_SR  drE_HF_CBS  drE_HF_TZ  drE_HF_QZ                                           reaction
1  1.000000 -415.812     7.656   6     6.0  7.681   96.865 -1.231   98.096   97.731   0.705   0.114    -1.626   1.172      90.440     93.247     91.468             ScO6C15H21+FH+FeCl->ClH+ScF+FeO6C15H21
2  0.750339 -412.652     3.568   7     8.0  7.201  -31.988 -1.139  -30.849  -32.219   1.689  -0.085    -1.436   1.202     -34.417    -32.321    -33.650          ScO6C15H21+2ClH+FeCl->H2+ScCl3+FeO6C15H21
0  0.592250 -407.742    17.553   4     4.0  6.655   24.542 -0.094   24.636   25.530  -0.746   0.168     0.096  -0.412       7.083      8.199      7.492                 ScO6C15H21+FeCl3->ScCl3+FeO6C15H21
6  0.393046 -413.466    19.031  11     6.0  6.622   24.596 -0.591   25.187   24.173   0.892   0.073    -1.310   1.359       6.156      8.335      6.953     2ScO6C15H21+2ClH+2FeCl2->H2+2ScCl3+2FeO6C15H21
4  0.259737 -413.323    -0.722   9    10.0  7.595  -44.258 -4.841  -39.417  -37.942  -0.259  -0.099    -2.054   0.937     -38.695    -37.927    -38.414        ScO6C15H21+3FH+FeCl->H2+ClH+ScF3+FeO6C15H21
5  0.146813 -408.413    13.263  10    10.0  7.080   12.272 -3.796   16.068   19.806  -2.694   0.155    -0.522  -0.677       2.805      2.593      2.728         ScO6C15H21+3FH+FeCl3->3ClH+ScF3+FeO6C15H21
8  0.125281 -414.136    14.740  19    10.0  7.048   12.325 -4.292   16.617   18.447  -1.056   0.060    -1.928   1.094       1.877      2.729      2.189  2ScO6C15H21+6FH+2FeCl2->H2+4ClH+2ScF3+2FeO6C15H21
7  0.092060 -416.626    23.118  15     8.0  7.141  153.449 -0.683  154.132  154.122  -0.092   0.273    -1.500   1.329     131.014    133.903    132.071   2ScO6C15H21+H2+2FH+2FeCl2->4ClH+2ScF+2FeO6C15H21
3  0.043727 -410.902    21.641   9    10.0  7.172  153.395 -0.186  153.581  155.481  -1.730   0.367    -0.094  -0.443     131.940    133.767    132.609        ScO6C15H21+H2+FH+FeCl3->3ClH+ScF+FeO6C15H21




---------------------------------------------------------------------
10 reactions with the worst weights:
---------------------------------------------------------------------
     weight      dfH  drE_corr  dn  n+|dn|      u      drH   ddrH      drE  drE_CBS  drE_CV  drE_IT  drE_TPNO  drE_SR  drE_HF_CBS  drE_HF_TZ  drE_HF_QZ                                     reaction
3  0.043727 -410.902    21.641   9    10.0  7.172  153.395 -0.186  153.581  155.481   -1.73   0.367    -0.094  -0.443      131.94    133.767    132.609  ScO6C15H21+H2+FH+FeCl3->3ClH+ScF+FeO6C15H21




---------------------------------------------------------------------
10 reactions with the worst dHf:
---------------------------------------------------------------------
     weight      dfH  drE_corr  dn  n+|dn|      u      drH   ddrH      drE  drE_CBS  drE_CV  drE_IT  drE_TPNO  drE_SR  drE_HF_CBS  drE_HF_TZ  drE_HF_QZ                                           reaction
7  0.092060 -416.626    23.118  15     8.0  7.141  153.449 -0.683  154.132  154.122  -0.092   0.273    -1.500   1.329     131.014    133.903    132.071   2ScO6C15H21+H2+2FH+2FeCl2->4ClH+2ScF+2FeO6C15H21
1  1.000000 -415.812     7.656   6     6.0  7.681   96.865 -1.231   98.096   97.731   0.705   0.114    -1.626   1.172      90.440     93.247     91.468             ScO6C15H21+FH+FeCl->ClH+ScF+FeO6C15H21
8  0.125281 -414.136    14.740  19    10.0  7.048   12.325 -4.292   16.617   18.447  -1.056   0.060    -1.928   1.094       1.877      2.729      2.189  2ScO6C15H21+6FH+2FeCl2->H2+4ClH+2ScF3+2FeO6C15H21
6  0.393046 -413.466    19.031  11     6.0  6.622   24.596 -0.591   25.187   24.173   0.892   0.073    -1.310   1.359       6.156      8.335      6.953     2ScO6C15H21+2ClH+2FeCl2->H2+2ScCl3+2FeO6C15H21
4  0.259737 -413.323    -0.722   9    10.0  7.595  -44.258 -4.841  -39.417  -37.942  -0.259  -0.099    -2.054   0.937     -38.695    -37.927    -38.414        ScO6C15H21+3FH+FeCl->H2+ClH+ScF3+FeO6C15H21
2  0.750339 -412.652     3.568   7     8.0  7.201  -31.988 -1.139  -30.849  -32.219   1.689  -0.085    -1.436   1.202     -34.417    -32.321    -33.650          ScO6C15H21+2ClH+FeCl->H2+ScCl3+FeO6C15H21
3  0.043727 -410.902    21.641   9    10.0  7.172  153.395 -0.186  153.581  155.481  -1.730   0.367    -0.094  -0.443     131.940    133.767    132.609        ScO6C15H21+H2+FH+FeCl3->3ClH+ScF+FeO6C15H21
5  0.146813 -408.413    13.263  10    10.0  7.080   12.272 -3.796   16.068   19.806  -2.694   0.155    -0.522  -0.677       2.805      2.593      2.728         ScO6C15H21+3FH+FeCl3->3ClH+ScF3+FeO6C15H21
0  0.592250 -407.742    17.553   4     4.0  6.655   24.542 -0.094   24.636   25.530  -0.746   0.168     0.096  -0.412       7.083      8.199      7.492                 ScO6C15H21+FeCl3->ScCl3+FeO6C15H21
