---------------------------------------------------------------------
Results for m1_00_Scacac3-PBE0_Vacac_tmp.all 

Average dfH = -414.09 

Uncertainty = 7.34
Computational contribution = 3.74
Experimental contribution = 6.32
---------------------------------------------------------------------
Number of reactions with all coeficients ≤  10 : 6  of  6
Parameters:
h1 = 3.0 
h2 = 63.04 

Summ of all weights = 2.05
---------------------------------------------------------------------
Average values and MSE of reaction characteristics:

                      Mean       St dev
          dfH      -414.09         1.87
     drE_corr        33.36        16.01
    n+dn_priv         8.52         1.51
          drH       -42.40        67.48
         ddrH         3.09         1.99
          drE       -45.49        66.51
      drE_CBS       -49.66        66.29
       drE_IT         1.64         0.66
       drE_CV         0.90         0.70
       drE_SR         2.11         0.22
   drE_HF_CBS       -78.85        64.61
          u/2         3.16         0.14


---------------------------------------------------------------------
6 reactions with the best weights:
---------------------------------------------------------------------
     weight      dfH  drE_corr  dn  n+|dn|      u      drH   ddrH      drE  drE_CBS  drE_CV  drE_IT  drE_TPNO  drE_SR  drE_HF_CBS  drE_HF_TZ  drE_HF_QZ                                          reaction
0  1.000000 -415.771    31.891  13     7.0  6.447   20.161  3.518   16.643   12.410   0.924   1.554    -0.452   2.207     -15.248    -13.265    -14.523      2ScO6C15H21+H2+2FH+2VO->2OH2+2ScF+2VO6C15H21
3  0.471696 -412.610    27.803  17    10.0  5.867 -108.693  3.610 -112.303 -117.542   1.908   1.355    -0.262   2.238    -140.106   -138.833   -139.640   2ScO6C15H21+6ClH+2VO->H2+2OH2+2ScCl3+2VO6C15H21
2  0.426408 -413.281    23.513  17    10.0  6.344 -120.963 -0.091 -120.872 -123.267  -0.040   1.342    -0.880   1.973    -144.385   -144.439   -144.404     2ScO6C15H21+6FH+2VO->H2+2OH2+2ScF3+2VO6C15H21
1  0.083862 -411.025    92.136  17     9.0  6.961   31.022  8.457   22.565   16.850   0.200   4.065    -0.026   1.476     -69.571    -65.880    -68.220    2ScO6C15H21+3H2+2FH+2VO2->4OH2+2ScF+2VO6C15H21
4  0.032861 -408.535    83.758  19    11.0  6.866 -110.102  4.847 -114.949 -118.825  -0.764   3.852    -0.454   1.242    -198.707   -197.054   -198.102    2ScO6C15H21+H2+6FH+2VO2->4OH2+2ScF3+2VO6C15H21
5  0.031154 -407.865    88.049  19    11.0  6.427  -97.831  8.549 -106.380 -113.102   1.185   3.866     0.164   1.507    -194.429   -191.448   -193.338  2ScO6C15H21+H2+6ClH+2VO2->4OH2+2ScCl3+2VO6C15H21




---------------------------------------------------------------------
10 reactions with the worst weights:
---------------------------------------------------------------------
     weight      dfH  drE_corr  dn  n+|dn|      u      drH   ddrH      drE  drE_CBS  drE_CV  drE_IT  drE_TPNO  drE_SR  drE_HF_CBS  drE_HF_TZ  drE_HF_QZ                                          reaction
5  0.031154 -407.865    88.049  19    11.0  6.427  -97.831  8.549 -106.380 -113.102   1.185   3.866     0.164   1.507    -194.429   -191.448   -193.338  2ScO6C15H21+H2+6ClH+2VO2->4OH2+2ScCl3+2VO6C15H21
4  0.032861 -408.535    83.758  19    11.0  6.866 -110.102  4.847 -114.949 -118.825  -0.764   3.852    -0.454   1.242    -198.707   -197.054   -198.102    2ScO6C15H21+H2+6FH+2VO2->4OH2+2ScF3+2VO6C15H21
1  0.083862 -411.025    92.136  17     9.0  6.961   31.022  8.457   22.565   16.850   0.200   4.065    -0.026   1.476     -69.571    -65.880    -68.220    2ScO6C15H21+3H2+2FH+2VO2->4OH2+2ScF+2VO6C15H21
2  0.426408 -413.281    23.513  17    10.0  6.344 -120.963 -0.091 -120.872 -123.267  -0.040   1.342    -0.880   1.973    -144.385   -144.439   -144.404     2ScO6C15H21+6FH+2VO->H2+2OH2+2ScF3+2VO6C15H21




---------------------------------------------------------------------
10 reactions with the worst dHf:
---------------------------------------------------------------------
     weight      dfH  drE_corr  dn  n+|dn|      u      drH   ddrH      drE  drE_CBS  drE_CV  drE_IT  drE_TPNO  drE_SR  drE_HF_CBS  drE_HF_TZ  drE_HF_QZ                                          reaction
0  1.000000 -415.771    31.891  13     7.0  6.447   20.161  3.518   16.643   12.410   0.924   1.554    -0.452   2.207     -15.248    -13.265    -14.523      2ScO6C15H21+H2+2FH+2VO->2OH2+2ScF+2VO6C15H21
2  0.426408 -413.281    23.513  17    10.0  6.344 -120.963 -0.091 -120.872 -123.267  -0.040   1.342    -0.880   1.973    -144.385   -144.439   -144.404     2ScO6C15H21+6FH+2VO->H2+2OH2+2ScF3+2VO6C15H21
3  0.471696 -412.610    27.803  17    10.0  5.867 -108.693  3.610 -112.303 -117.542   1.908   1.355    -0.262   2.238    -140.106   -138.833   -139.640   2ScO6C15H21+6ClH+2VO->H2+2OH2+2ScCl3+2VO6C15H21
1  0.083862 -411.025    92.136  17     9.0  6.961   31.022  8.457   22.565   16.850   0.200   4.065    -0.026   1.476     -69.571    -65.880    -68.220    2ScO6C15H21+3H2+2FH+2VO2->4OH2+2ScF+2VO6C15H21
4  0.032861 -408.535    83.758  19    11.0  6.866 -110.102  4.847 -114.949 -118.825  -0.764   3.852    -0.454   1.242    -198.707   -197.054   -198.102    2ScO6C15H21+H2+6FH+2VO2->4OH2+2ScF3+2VO6C15H21
5  0.031154 -407.865    88.049  19    11.0  6.427  -97.831  8.549 -106.380 -113.102   1.185   3.866     0.164   1.507    -194.429   -191.448   -193.338  2ScO6C15H21+H2+6ClH+2VO2->4OH2+2ScCl3+2VO6C15H21
