---------------------------------------------------------------------
Results for m1_00_Scacac3-PBE0_Mnacac_tmp.all 

Average dfH = -413.07 

Uncertainty = 7.84
Computational contribution = 4.9
Experimental contribution = 6.12
---------------------------------------------------------------------
Number of reactions with all coeficients ≤  10 : 9  of  9
Parameters:
h1 = 4.28 
h2 = 28.32 

Summ of all weights = 2.9
---------------------------------------------------------------------
Average values and MSE of reaction characteristics:

                      Mean       St dev
          dfH      -413.07         2.45
     drE_corr       -22.78         6.90
    n+dn_priv         6.50         1.65
          drH        78.03        60.73
         ddrH        -0.72         1.09
          drE        78.75        60.34
      drE_CBS        78.78        60.46
       drE_IT        -0.80         0.10
       drE_CV         1.78         0.58
       drE_SR         0.99         0.18
   drE_HF_CBS       101.52        57.90
          u/2         3.06         0.23


---------------------------------------------------------------------
9 reactions with the best weights:
---------------------------------------------------------------------
     weight      dfH  drE_corr  dn  n+|dn|      u      drH   ddrH      drE  drE_CBS  drE_CV  drE_IT  drE_TPNO  drE_SR  drE_HF_CBS  drE_HF_TZ  drE_HF_QZ                                           reaction
6  1.000000 -410.254   -18.029  11     6.0  5.605   42.684 -0.402   43.086   42.412   2.190  -0.853    -1.828   1.165      61.115     62.525     61.631     2ScO6C15H21+2ClH+2MnCl2->H2+2ScCl3+2MnO6C15H21
7  0.497275 -413.414   -13.941  15     8.0  6.210  171.537 -0.494  172.031  172.363   1.205  -0.653    -2.018   1.134     185.972    188.094    186.749   2ScO6C15H21+H2+2FH+2MnCl2->4ClH+2ScF+2MnO6C15H21
0  0.496159 -415.702   -27.334   4     4.0  6.824  110.002  0.314  109.688  109.912   1.767  -0.735    -2.026   0.770     137.022    138.819    137.680                     ScO6C15H21+MnF->ScF+MnO6C15H21
1  0.402152 -416.722   -29.087   6     6.0  6.388  118.675 -1.084  119.759  120.018   1.715  -0.778    -2.103   0.907     148.846    150.727    149.534             ScO6C15H21+FH+MnCl->ClH+ScF+MnO6C15H21
2  0.184105 -413.561   -33.175   7     8.0  5.802  -10.179 -0.992   -9.187   -9.933   2.699  -0.978    -1.913   0.938      23.988     25.158     24.416          ScO6C15H21+2ClH+MnCl->H2+ScCl3+MnO6C15H21
8  0.118046 -410.925   -22.319  19    10.0  6.103   30.414 -4.104   34.518   36.689   0.241  -0.866    -2.446   0.900      56.837     56.920     56.867  2ScO6C15H21+6FH+2MnCl2->H2+4ClH+2ScF3+2MnO6C15H21
3  0.110157 -413.213   -35.711   7     8.0  6.727  -31.121 -3.296  -27.825  -25.761   0.803  -0.947    -2.455   0.535       7.886      7.645      7.798             ScO6C15H21+2FH+MnF->H2+ScF3+MnO6C15H21
4  0.060615 -412.542   -31.421   9    10.0  6.279  -18.851  0.406  -19.257  -20.038   2.751  -0.934    -1.836   0.800      12.164     13.251     12.562        ScO6C15H21+3ClH+MnF->H2+FH+ScCl3+MnO6C15H21
5  0.036017 -414.232   -37.465   9    10.0  6.284  -22.449 -4.694  -17.755  -15.657   0.751  -0.991    -2.531   0.673      19.710     19.553     19.652        ScO6C15H21+3FH+MnCl->H2+ClH+ScF3+MnO6C15H21




---------------------------------------------------------------------
10 reactions with the worst weights:
---------------------------------------------------------------------
     weight      dfH  drE_corr  dn  n+|dn|      u     drH   ddrH     drE  drE_CBS  drE_CV  drE_IT  drE_TPNO  drE_SR  drE_HF_CBS  drE_HF_TZ  drE_HF_QZ                                     reaction
5  0.036017 -414.232   -37.465   9    10.0  6.284 -22.449 -4.694 -17.755  -15.657   0.751  -0.991    -2.531   0.673       19.71     19.553     19.652  ScO6C15H21+3FH+MnCl->H2+ClH+ScF3+MnO6C15H21




---------------------------------------------------------------------
10 reactions with the worst dHf:
---------------------------------------------------------------------
     weight      dfH  drE_corr  dn  n+|dn|      u      drH   ddrH      drE  drE_CBS  drE_CV  drE_IT  drE_TPNO  drE_SR  drE_HF_CBS  drE_HF_TZ  drE_HF_QZ                                           reaction
1  0.402152 -416.722   -29.087   6     6.0  6.388  118.675 -1.084  119.759  120.018   1.715  -0.778    -2.103   0.907     148.846    150.727    149.534             ScO6C15H21+FH+MnCl->ClH+ScF+MnO6C15H21
0  0.496159 -415.702   -27.334   4     4.0  6.824  110.002  0.314  109.688  109.912   1.767  -0.735    -2.026   0.770     137.022    138.819    137.680                     ScO6C15H21+MnF->ScF+MnO6C15H21
5  0.036017 -414.232   -37.465   9    10.0  6.284  -22.449 -4.694  -17.755  -15.657   0.751  -0.991    -2.531   0.673      19.710     19.553     19.652        ScO6C15H21+3FH+MnCl->H2+ClH+ScF3+MnO6C15H21
2  0.184105 -413.561   -33.175   7     8.0  5.802  -10.179 -0.992   -9.187   -9.933   2.699  -0.978    -1.913   0.938      23.988     25.158     24.416          ScO6C15H21+2ClH+MnCl->H2+ScCl3+MnO6C15H21
7  0.497275 -413.414   -13.941  15     8.0  6.210  171.537 -0.494  172.031  172.363   1.205  -0.653    -2.018   1.134     185.972    188.094    186.749   2ScO6C15H21+H2+2FH+2MnCl2->4ClH+2ScF+2MnO6C15H21
3  0.110157 -413.213   -35.711   7     8.0  6.727  -31.121 -3.296  -27.825  -25.761   0.803  -0.947    -2.455   0.535       7.886      7.645      7.798             ScO6C15H21+2FH+MnF->H2+ScF3+MnO6C15H21
4  0.060615 -412.542   -31.421   9    10.0  6.279  -18.851  0.406  -19.257  -20.038   2.751  -0.934    -1.836   0.800      12.164     13.251     12.562        ScO6C15H21+3ClH+MnF->H2+FH+ScCl3+MnO6C15H21
8  0.118046 -410.925   -22.319  19    10.0  6.103   30.414 -4.104   34.518   36.689   0.241  -0.866    -2.446   0.900      56.837     56.920     56.867  2ScO6C15H21+6FH+2MnCl2->H2+4ClH+2ScF3+2MnO6C15H21
6  1.000000 -410.254   -18.029  11     6.0  5.605   42.684 -0.402   43.086   42.412   2.190  -0.853    -1.828   1.165      61.115     62.525     61.631     2ScO6C15H21+2ClH+2MnCl2->H2+2ScCl3+2MnO6C15H21
