---------------------------------------------------------------------
Results for m1_00_Scacac3-PBE0_Vacac3_tmp.all 

Average dfH = -410.58 

Uncertainty = 6.14
Computational contribution = 2.06
Experimental contribution = 5.78
---------------------------------------------------------------------
Number of reactions with all coeficients ≤  10 : 6  of  6
Parameters:
h1 = 2.88 
h2 = 61.71 

Summ of all weights = 1.72
---------------------------------------------------------------------
Average values and MSE of reaction characteristics:

                      Mean       St dev
          dfH      -410.58         1.03
     drE_corr        31.40        15.44
    n+dn_priv         8.24         1.48
          drH       -31.91        65.41
         ddrH         3.21         1.85
          drE       -35.12        64.49
      drE_CBS       -37.19        64.32
       drE_IT         1.64         0.63
       drE_CV         0.90         0.63
   drE_HF_CBS       -66.52        62.73
          u/2         2.89         0.17


---------------------------------------------------------------------
6 reactions with the best weights:
---------------------------------------------------------------------
     weight      dfH  drE_corr  dn  n+|dn|      u      drH   ddrH      drE  drE_CBS  drE_CV  drE_IT  drE_TPNO  drE_HF_CBS  drE_HF_TZ  drE_HF_QZ                                          reaction
0  1.000000 -410.863    29.683  13     7.0  5.536   17.953  3.518   14.435   12.409   0.924   1.554    -0.452     -15.248    -13.265    -14.523      2ScO6C15H21+H2+2FH+2VO->2OH2+2ScF+2VO6C15H21
3  0.320138 -410.372    25.565  17    10.0  5.867 -110.931  3.610 -114.541 -117.542   1.908   1.355    -0.262    -140.106   -138.833   -139.640   2ScO6C15H21+6ClH+2VO->H2+2OH2+2ScCl3+2VO6C15H21
2  0.287782 -411.308    21.540  17    10.0  6.344 -122.936 -0.091 -122.845 -123.267  -0.040   1.342    -0.880    -144.385   -144.439   -144.404     2ScO6C15H21+6FH+2VO->H2+2OH2+2ScF3+2VO6C15H21
1  0.073470 -406.848    90.660  17     9.0  6.127   29.545  8.457   21.088   16.849   0.200   4.065    -0.026     -69.572    -65.880    -68.220    2ScO6C15H21+3H2+2FH+2VO2->4OH2+2ScF+2VO6C15H21
4  0.020005 -407.293    82.516  19    11.0  6.866 -111.344  4.847 -116.191 -118.825  -0.764   3.852    -0.454    -198.707   -197.054   -198.102    2ScO6C15H21+H2+6FH+2VO2->4OH2+2ScF3+2VO6C15H21
5  0.019095 -406.357    86.542  19    11.0  6.427  -99.339  8.549 -107.888 -113.103   1.185   3.866     0.164    -194.430   -191.448   -193.338  2ScO6C15H21+H2+6ClH+2VO2->4OH2+2ScCl3+2VO6C15H21




---------------------------------------------------------------------
10 reactions with the worst weights:
---------------------------------------------------------------------
     weight      dfH  drE_corr  dn  n+|dn|      u      drH   ddrH      drE  drE_CBS  drE_CV  drE_IT  drE_TPNO  drE_HF_CBS  drE_HF_TZ  drE_HF_QZ                                          reaction
5  0.019095 -406.357    86.542  19    11.0  6.427  -99.339  8.549 -107.888 -113.103   1.185   3.866     0.164    -194.430   -191.448   -193.338  2ScO6C15H21+H2+6ClH+2VO2->4OH2+2ScCl3+2VO6C15H21
4  0.020005 -407.293    82.516  19    11.0  6.866 -111.344  4.847 -116.191 -118.825  -0.764   3.852    -0.454    -198.707   -197.054   -198.102    2ScO6C15H21+H2+6FH+2VO2->4OH2+2ScF3+2VO6C15H21
1  0.073470 -406.848    90.660  17     9.0  6.127   29.545  8.457   21.088   16.849   0.200   4.065    -0.026     -69.572    -65.880    -68.220    2ScO6C15H21+3H2+2FH+2VO2->4OH2+2ScF+2VO6C15H21
2  0.287782 -411.308    21.540  17    10.0  6.344 -122.936 -0.091 -122.845 -123.267  -0.040   1.342    -0.880    -144.385   -144.439   -144.404     2ScO6C15H21+6FH+2VO->H2+2OH2+2ScF3+2VO6C15H21




---------------------------------------------------------------------
10 reactions with the worst dHf:
---------------------------------------------------------------------
     weight      dfH  drE_corr  dn  n+|dn|      u      drH   ddrH      drE  drE_CBS  drE_CV  drE_IT  drE_TPNO  drE_HF_CBS  drE_HF_TZ  drE_HF_QZ                                          reaction
2  0.287782 -411.308    21.540  17    10.0  6.344 -122.936 -0.091 -122.845 -123.267  -0.040   1.342    -0.880    -144.385   -144.439   -144.404     2ScO6C15H21+6FH+2VO->H2+2OH2+2ScF3+2VO6C15H21
0  1.000000 -410.863    29.683  13     7.0  5.536   17.953  3.518   14.435   12.409   0.924   1.554    -0.452     -15.248    -13.265    -14.523      2ScO6C15H21+H2+2FH+2VO->2OH2+2ScF+2VO6C15H21
3  0.320138 -410.372    25.565  17    10.0  5.867 -110.931  3.610 -114.541 -117.542   1.908   1.355    -0.262    -140.106   -138.833   -139.640   2ScO6C15H21+6ClH+2VO->H2+2OH2+2ScCl3+2VO6C15H21
4  0.020005 -407.293    82.516  19    11.0  6.866 -111.344  4.847 -116.191 -118.825  -0.764   3.852    -0.454    -198.707   -197.054   -198.102    2ScO6C15H21+H2+6FH+2VO2->4OH2+2ScF3+2VO6C15H21
1  0.073470 -406.848    90.660  17     9.0  6.127   29.545  8.457   21.088   16.849   0.200   4.065    -0.026     -69.572    -65.880    -68.220    2ScO6C15H21+3H2+2FH+2VO2->4OH2+2ScF+2VO6C15H21
5  0.019095 -406.357    86.542  19    11.0  6.427  -99.339  8.549 -107.888 -113.103   1.185   3.866     0.164    -194.430   -191.448   -193.338  2ScO6C15H21+H2+6ClH+2VO2->4OH2+2ScCl3+2VO6C15H21
