---------------------------------------------------------------------
Results for m1_00_Scacac3-PBE0_Cracac3_tmp.all 

Average dfH = -411.04 

Uncertainty = 6.08
Computational contribution = 1.18
Experimental contribution = 5.97
---------------------------------------------------------------------
Number of reactions with all coeficients ≤  10 : 6  of  6
Parameters:
h1 = 2.58 
h2 = 23.26 

Summ of all weights = 1.63
---------------------------------------------------------------------
Average values and MSE of reaction characteristics:

                      Mean       St dev
          dfH      -411.04         0.59
     drE_corr       -15.79        14.46
    n+dn_priv         6.76         1.12
          drH        17.85        59.39
         ddrH         0.59         1.76
          drE        17.26        59.65
      drE_CBS        17.30        60.29
       drE_IT        -0.19         0.75
       drE_CV         0.59         0.47
   drE_HF_CBS        33.05        63.53
          u/2         2.98         1.14


---------------------------------------------------------------------
6 reactions with the best weights:
---------------------------------------------------------------------
     weight      dfH  drE_corr  dn  n+|dn|       u      drH   ddrH      drE  drE_CBS  drE_CV  drE_IT  drE_TPNO  drE_HF_CBS  drE_HF_TZ  drE_HF_QZ                                           reaction
0  1.000000 -411.391   -20.985   6     6.0   4.843   59.644 -0.081   59.725   60.560   0.419  -0.471    -0.783      80.710     81.682     81.066             ScO6C15H21+FH+CrCl->ClH+ScF+CrO6C15H21
1  0.332974 -410.900   -25.103   7     8.0   5.217  -69.240  0.011  -69.251  -69.391   1.403  -0.670    -0.593     -44.148    -43.887    -44.052          ScO6C15H21+2ClH+CrCl->H2+ScCl3+CrO6C15H21
3  0.212814 -409.819    17.582  13     7.0  10.995   11.009  4.639    6.370    3.319   0.380   1.521     1.150     -11.212     -8.928    -10.376     2ScO6C15H21+H2+2FH+2CrO->2OH2+2ScF+2CrO6C15H21
4  0.031185 -410.264     9.438  17    10.0  11.423 -129.880  1.029 -130.909 -132.355  -0.584   1.308     0.722    -140.347   -140.102   -140.258    2ScO6C15H21+6FH+2CrO->H2+2OH2+2ScF3+2CrO6C15H21
2  0.030262 -411.836   -29.128   9    10.0   5.749  -81.245 -3.691  -77.554  -75.114  -0.545  -0.684    -1.211     -48.426    -49.492    -48.816        ScO6C15H21+3FH+CrCl->H2+ClH+ScF3+CrO6C15H21
5  0.027529 -409.328    13.464  17    10.0  11.165 -117.875  4.731 -122.606 -126.631   1.364   1.321     1.340    -136.070   -134.497   -135.494  2ScO6C15H21+6ClH+2CrO->H2+2OH2+2ScCl3+2CrO6C15H21




---------------------------------------------------------------------
10 reactions with the worst weights:
---------------------------------------------------------------------
     weight      dfH  drE_corr  dn  n+|dn|       u      drH   ddrH      drE  drE_CBS  drE_CV  drE_IT  drE_TPNO  drE_HF_CBS  drE_HF_TZ  drE_HF_QZ                                           reaction
5  0.027529 -409.328    13.464  17    10.0  11.165 -117.875  4.731 -122.606 -126.631   1.364   1.321     1.340    -136.070   -134.497   -135.494  2ScO6C15H21+6ClH+2CrO->H2+2OH2+2ScCl3+2CrO6C15H21
2  0.030262 -411.836   -29.128   9    10.0   5.749  -81.245 -3.691  -77.554  -75.114  -0.545  -0.684    -1.211     -48.426    -49.492    -48.816        ScO6C15H21+3FH+CrCl->H2+ClH+ScF3+CrO6C15H21
4  0.031185 -410.264     9.438  17    10.0  11.423 -129.880  1.029 -130.909 -132.355  -0.584   1.308     0.722    -140.347   -140.102   -140.258    2ScO6C15H21+6FH+2CrO->H2+2OH2+2ScF3+2CrO6C15H21
3  0.212814 -409.819    17.582  13     7.0  10.995   11.009  4.639    6.370    3.319   0.380   1.521     1.150     -11.212     -8.928    -10.376     2ScO6C15H21+H2+2FH+2CrO->2OH2+2ScF+2CrO6C15H21




---------------------------------------------------------------------
10 reactions with the worst dHf:
---------------------------------------------------------------------
     weight      dfH  drE_corr  dn  n+|dn|       u      drH   ddrH      drE  drE_CBS  drE_CV  drE_IT  drE_TPNO  drE_HF_CBS  drE_HF_TZ  drE_HF_QZ                                           reaction
2  0.030262 -411.836   -29.128   9    10.0   5.749  -81.245 -3.691  -77.554  -75.114  -0.545  -0.684    -1.211     -48.426    -49.492    -48.816        ScO6C15H21+3FH+CrCl->H2+ClH+ScF3+CrO6C15H21
0  1.000000 -411.391   -20.985   6     6.0   4.843   59.644 -0.081   59.725   60.560   0.419  -0.471    -0.783      80.710     81.682     81.066             ScO6C15H21+FH+CrCl->ClH+ScF+CrO6C15H21
1  0.332974 -410.900   -25.103   7     8.0   5.217  -69.240  0.011  -69.251  -69.391   1.403  -0.670    -0.593     -44.148    -43.887    -44.052          ScO6C15H21+2ClH+CrCl->H2+ScCl3+CrO6C15H21
4  0.031185 -410.264     9.438  17    10.0  11.423 -129.880  1.029 -130.909 -132.355  -0.584   1.308     0.722    -140.347   -140.102   -140.258    2ScO6C15H21+6FH+2CrO->H2+2OH2+2ScF3+2CrO6C15H21
3  0.212814 -409.819    17.582  13     7.0  10.995   11.009  4.639    6.370    3.319   0.380   1.521     1.150     -11.212     -8.928    -10.376     2ScO6C15H21+H2+2FH+2CrO->2OH2+2ScF+2CrO6C15H21
5  0.027529 -409.328    13.464  17    10.0  11.165 -117.875  4.731 -122.606 -126.631   1.364   1.321     1.340    -136.070   -134.497   -135.494  2ScO6C15H21+6ClH+2CrO->H2+2OH2+2ScCl3+2CrO6C15H21
