---------------------------------------------------------------------
Results for m1_00_Scacac3-PBE0_Feacac3_tmp.all 

Average dfH = -411.27 

Uncertainty = 7.53
Computational contribution = 2.94
Experimental contribution = 6.93
---------------------------------------------------------------------
Number of reactions with all coeficients ≤  10 : 9  of  9
Parameters:
h1 = 4.46 
h2 = 15.62 

Summ of all weights = 2.93
---------------------------------------------------------------------
Average values and MSE of reaction characteristics:

                      Mean       St dev
          dfH      -411.27         1.47
     drE_corr         9.45         7.03
    n+dn_priv         6.80         1.82
          drH        38.07        58.25
         ddrH        -1.38         1.30
          drE        39.45        57.83
      drE_CBS        40.25        57.95
       drE_IT         0.07         0.11
       drE_CV         0.41         1.05
   drE_HF_CBS        30.01        55.90
          u/2         3.47         0.15


---------------------------------------------------------------------
9 reactions with the best weights:
---------------------------------------------------------------------
     weight      dfH  drE_corr  dn  n+|dn|      u      drH   ddrH      drE  drE_CBS  drE_CV  drE_IT  drE_TPNO  drE_HF_CBS  drE_HF_TZ  drE_HF_QZ                                           reaction
1  1.000000 -411.941     6.484   6     6.0  6.934   95.694 -1.231   96.925   97.732   0.705   0.114    -1.626      90.441     93.247     91.468             ScO6C15H21+FH+FeCl->ClH+ScF+FeO6C15H21
2  0.589727 -411.450     2.366   7     8.0  7.201  -33.190 -1.139  -32.051  -32.219   1.689  -0.085    -1.436     -34.417    -32.321    -33.650          ScO6C15H21+2ClH+FeCl->H2+ScCl3+FeO6C15H21
0  0.419656 -408.154    17.965   4     4.0  6.655   24.954 -0.094   25.048   25.530  -0.746   0.168     0.096       7.083      8.199      7.492                 ScO6C15H21+FeCl3->ScCl3+FeO6C15H21
6  0.362013 -412.106    17.671  11     6.0  6.622   23.236 -0.591   23.827   24.172   0.892   0.073    -1.310       6.156      8.335      6.953     2ScO6C15H21+2ClH+2FeCl2->H2+2ScCl3+2FeO6C15H21
4  0.196661 -412.386    -1.659   9    10.0  7.595  -45.195 -4.841  -40.354  -37.942  -0.259  -0.099    -2.054     -38.695    -37.927    -38.414        ScO6C15H21+3FH+FeCl->H2+ClH+ScF3+FeO6C15H21
7  0.111387 -412.597    21.790  15     8.0  6.331  152.120 -0.683  152.803  154.122  -0.092   0.273    -1.500     131.013    133.903    132.071   2ScO6C15H21+H2+2FH+2FeCl2->4ClH+2ScF+2FeO6C15H21
8  0.107621 -413.042    13.646  19    10.0  7.048   11.231 -4.292   15.523   18.447  -1.056   0.060    -1.928       1.877      2.729      2.189  2ScO6C15H21+6FH+2FeCl2->H2+4ClH+2ScF3+2FeO6C15H21
5  0.103162 -409.090    13.940  10    10.0  7.080   12.949 -3.796   16.745   19.806  -2.694   0.155    -0.522       2.805      2.593      2.728         ScO6C15H21+3FH+FeCl3->3ClH+ScF3+FeO6C15H21
3  0.038320 -408.645    22.083   9    10.0  6.366  153.838 -0.186  154.024  155.481  -1.730   0.367    -0.094     131.941    133.767    132.609        ScO6C15H21+H2+FH+FeCl3->3ClH+ScF+FeO6C15H21




---------------------------------------------------------------------
10 reactions with the worst weights:
---------------------------------------------------------------------
    weight      dfH  drE_corr  dn  n+|dn|      u      drH   ddrH      drE  drE_CBS  drE_CV  drE_IT  drE_TPNO  drE_HF_CBS  drE_HF_TZ  drE_HF_QZ                                     reaction
3  0.03832 -408.645    22.083   9    10.0  6.366  153.838 -0.186  154.024  155.481   -1.73   0.367    -0.094     131.941    133.767    132.609  ScO6C15H21+H2+FH+FeCl3->3ClH+ScF+FeO6C15H21




---------------------------------------------------------------------
10 reactions with the worst dHf:
---------------------------------------------------------------------
     weight      dfH  drE_corr  dn  n+|dn|      u      drH   ddrH      drE  drE_CBS  drE_CV  drE_IT  drE_TPNO  drE_HF_CBS  drE_HF_TZ  drE_HF_QZ                                           reaction
8  0.107621 -413.042    13.646  19    10.0  7.048   11.231 -4.292   15.523   18.447  -1.056   0.060    -1.928       1.877      2.729      2.189  2ScO6C15H21+6FH+2FeCl2->H2+4ClH+2ScF3+2FeO6C15H21
7  0.111387 -412.597    21.790  15     8.0  6.331  152.120 -0.683  152.803  154.122  -0.092   0.273    -1.500     131.013    133.903    132.071   2ScO6C15H21+H2+2FH+2FeCl2->4ClH+2ScF+2FeO6C15H21
4  0.196661 -412.386    -1.659   9    10.0  7.595  -45.195 -4.841  -40.354  -37.942  -0.259  -0.099    -2.054     -38.695    -37.927    -38.414        ScO6C15H21+3FH+FeCl->H2+ClH+ScF3+FeO6C15H21
6  0.362013 -412.106    17.671  11     6.0  6.622   23.236 -0.591   23.827   24.172   0.892   0.073    -1.310       6.156      8.335      6.953     2ScO6C15H21+2ClH+2FeCl2->H2+2ScCl3+2FeO6C15H21
1  1.000000 -411.941     6.484   6     6.0  6.934   95.694 -1.231   96.925   97.732   0.705   0.114    -1.626      90.441     93.247     91.468             ScO6C15H21+FH+FeCl->ClH+ScF+FeO6C15H21
2  0.589727 -411.450     2.366   7     8.0  7.201  -33.190 -1.139  -32.051  -32.219   1.689  -0.085    -1.436     -34.417    -32.321    -33.650          ScO6C15H21+2ClH+FeCl->H2+ScCl3+FeO6C15H21
5  0.103162 -409.090    13.940  10    10.0  7.080   12.949 -3.796   16.745   19.806  -2.694   0.155    -0.522       2.805      2.593      2.728         ScO6C15H21+3FH+FeCl3->3ClH+ScF3+FeO6C15H21
3  0.038320 -408.645    22.083   9    10.0  6.366  153.838 -0.186  154.024  155.481  -1.730   0.367    -0.094     131.941    133.767    132.609        ScO6C15H21+H2+FH+FeCl3->3ClH+ScF+FeO6C15H21
0  0.419656 -408.154    17.965   4     4.0  6.655   24.954 -0.094   25.048   25.530  -0.746   0.168     0.096       7.083      8.199      7.492                 ScO6C15H21+FeCl3->ScCl3+FeO6C15H21
