---------------------------------------------------------------------
Results for m1_00_Scacac3-PBE0_Tiacac3_tmp.all 

Average dfH = -411.99 

Uncertainty = 5.66
Computational contribution = 2.75
Experimental contribution = 4.95
---------------------------------------------------------------------
Number of reactions with all coeficients ≤  10 : 9  of  9
Parameters:
h1 = 4.24 
h2 = 48.17 

Summ of all weights = 2.37
---------------------------------------------------------------------
Average values and MSE of reaction characteristics:

                      Mean       St dev
          dfH      -411.99         1.38
     drE_corr        25.93        15.79
    n+dn_priv         8.05         1.84
          drH       -29.68        75.74
         ddrH         1.92         2.04
          drE       -31.61        75.96
      drE_CBS       -31.74        76.85
       drE_IT         1.48         0.42
       drE_CV        -0.14         1.57
   drE_HF_CBS       -57.53        66.96
          u/2         2.47         0.23


---------------------------------------------------------------------
9 reactions with the best weights:
---------------------------------------------------------------------
     weight      dfH  drE_corr  dn  n+|dn|      u      drH   ddrH      drE  drE_CBS  drE_CV  drE_IT  drE_TPNO  drE_HF_CBS  drE_HF_TZ  drE_HF_QZ                                            reaction
1  1.000000 -412.803    19.368  13     7.0  4.721    1.193  3.262   -2.069   -3.135   0.646   1.348    -0.928     -21.437    -20.426    -21.068      2ScO6C15H21+H2+2FH+2TiO->2OH2+2ScF+2TiO6C15H21
0  0.465609 -409.514    48.366  11     6.0  4.659   35.284 -0.079   35.363   37.601  -2.347   1.951    -1.842     -13.003    -12.548    -12.836      2ScO6C15H21+H2+2TiCl4->2ClH+2ScCl3+2TiO6C15H21
4  0.395125 -412.312    15.250  17    10.0  5.105 -127.691  3.354 -131.045 -133.085   1.630   1.148    -0.738    -146.295   -145.995   -146.185   2ScO6C15H21+6ClH+2TiO->H2+2OH2+2ScCl3+2TiO6C15H21
3  0.338092 -413.248    11.225  17    10.0  5.647 -139.696 -0.347 -139.349 -138.810  -0.318   1.135    -1.356    -150.574   -151.600   -150.949     2ScO6C15H21+6FH+2TiO->H2+2OH2+2ScF3+2TiO6C15H21
8  0.063697 -410.005    52.484  21    12.0  4.236  164.168 -0.171  164.339  167.553  -3.332   2.150    -2.032     111.855    113.020    112.281   2ScO6C15H21+3H2+2FH+2TiCl4->8ClH+2ScF+2TiO6C15H21
7  0.058293 -410.450    44.340  23    12.0  5.248   23.279 -3.781   27.060   31.878  -4.296   1.938    -2.460     -17.280    -18.154    -17.600   2ScO6C15H21+H2+6FH+2TiCl4->8ClH+2ScF3+2TiO6C15H21
2  0.023854 -412.189    80.394  17     9.0  6.592   27.486  8.171   19.315   15.963   0.944   3.424    -1.016     -61.079    -58.269    -60.051    2ScO6C15H21+3H2+2FH+2TiO2->4OH2+2ScF+2TiO6C15H21
6  0.013720 -412.634    72.250  19    11.0  7.284 -113.403  4.561 -117.964 -119.712  -0.020   3.212    -1.444    -190.214   -189.444   -189.932    2ScO6C15H21+H2+6FH+2TiO2->4OH2+2ScF3+2TiO6C15H21
5  0.011913 -411.698    76.276  19    11.0  6.872 -101.398  8.263 -109.661 -113.988   1.928   3.225    -0.826    -185.937   -183.838   -185.168  2ScO6C15H21+H2+6ClH+2TiO2->4OH2+2ScCl3+2TiO6C15H21




---------------------------------------------------------------------
10 reactions with the worst weights:
---------------------------------------------------------------------
     weight      dfH  drE_corr  dn  n+|dn|      u      drH   ddrH      drE  drE_CBS  drE_CV  drE_IT  drE_TPNO  drE_HF_CBS  drE_HF_TZ  drE_HF_QZ                                            reaction
5  0.011913 -411.698    76.276  19    11.0  6.872 -101.398  8.263 -109.661 -113.988   1.928   3.225    -0.826    -185.937   -183.838   -185.168  2ScO6C15H21+H2+6ClH+2TiO2->4OH2+2ScCl3+2TiO6C15H21




---------------------------------------------------------------------
10 reactions with the worst dHf:
---------------------------------------------------------------------
     weight      dfH  drE_corr  dn  n+|dn|      u      drH   ddrH      drE  drE_CBS  drE_CV  drE_IT  drE_TPNO  drE_HF_CBS  drE_HF_TZ  drE_HF_QZ                                            reaction
3  0.338092 -413.248    11.225  17    10.0  5.647 -139.696 -0.347 -139.349 -138.810  -0.318   1.135    -1.356    -150.574   -151.600   -150.949     2ScO6C15H21+6FH+2TiO->H2+2OH2+2ScF3+2TiO6C15H21
1  1.000000 -412.803    19.368  13     7.0  4.721    1.193  3.262   -2.069   -3.135   0.646   1.348    -0.928     -21.437    -20.426    -21.068      2ScO6C15H21+H2+2FH+2TiO->2OH2+2ScF+2TiO6C15H21
6  0.013720 -412.634    72.250  19    11.0  7.284 -113.403  4.561 -117.964 -119.712  -0.020   3.212    -1.444    -190.214   -189.444   -189.932    2ScO6C15H21+H2+6FH+2TiO2->4OH2+2ScF3+2TiO6C15H21
4  0.395125 -412.312    15.250  17    10.0  5.105 -127.691  3.354 -131.045 -133.085   1.630   1.148    -0.738    -146.295   -145.995   -146.185   2ScO6C15H21+6ClH+2TiO->H2+2OH2+2ScCl3+2TiO6C15H21
2  0.023854 -412.189    80.394  17     9.0  6.592   27.486  8.171   19.315   15.963   0.944   3.424    -1.016     -61.079    -58.269    -60.051    2ScO6C15H21+3H2+2FH+2TiO2->4OH2+2ScF+2TiO6C15H21
5  0.011913 -411.698    76.276  19    11.0  6.872 -101.398  8.263 -109.661 -113.988   1.928   3.225    -0.826    -185.937   -183.838   -185.168  2ScO6C15H21+H2+6ClH+2TiO2->4OH2+2ScCl3+2TiO6C15H21
7  0.058293 -410.450    44.340  23    12.0  5.248   23.279 -3.781   27.060   31.878  -4.296   1.938    -2.460     -17.280    -18.154    -17.600   2ScO6C15H21+H2+6FH+2TiCl4->8ClH+2ScF3+2TiO6C15H21
8  0.063697 -410.005    52.484  21    12.0  4.236  164.168 -0.171  164.339  167.553  -3.332   2.150    -2.032     111.855    113.020    112.281   2ScO6C15H21+3H2+2FH+2TiCl4->8ClH+2ScF+2TiO6C15H21
0  0.465609 -409.514    48.366  11     6.0  4.659   35.284 -0.079   35.363   37.601  -2.347   1.951    -1.842     -13.003    -12.548    -12.836      2ScO6C15H21+H2+2TiCl4->2ClH+2ScCl3+2TiO6C15H21
