---------------------------------------------------------------------
Results for m1_00_Scacac3-PBE0_Coacac3.all 

Average dfH = -410.22 

Uncertainty = 4.92
Computational contribution = 0.63
Experimental contribution = 4.88
---------------------------------------------------------------------
Number of reactions with all coeficients ≤  10 : 3  of  3
Parameters:
h1 = 4.9 
h2 = 45.91 

Summ of all weights = 1.46
---------------------------------------------------------------------
Average values and MSE of reaction characteristics:

                      Mean       St dev
          dfH      -410.22         0.32
     drE_corr       -45.86         2.25
    n+dn_priv         5.90         2.79
          drH        47.73        53.66
         ddrH         1.05         1.11
          drE        46.68        53.43
      drE_CBS        50.36        53.67
       drE_IT        -0.91         0.08
       drE_CV        -1.57         0.65
   drE_HF_CBS        92.54        51.49
          u/2         2.44         0.13


---------------------------------------------------------------------
3 reactions with the best weights:
---------------------------------------------------------------------
     weight      dfH  drE_corr  dn  n+|dn|      u      drH   ddrH      drE  drE_CBS  drE_CV  drE_IT  drE_TPNO  drE_HF_CBS  drE_HF_TZ  drE_HF_QZ                                     reaction
0  1.000000 -410.015   -46.337   4     4.0  4.912   21.315  1.449   19.866   23.077  -1.161  -0.956    -1.094      66.203     65.417     65.916           ScO6C15H21+CoCl3->ScCl3+CoO6C15H21
1  0.313645 -410.506   -42.219   9    10.0  4.512  150.199  1.357  148.842  153.028  -2.145  -0.757    -1.284     191.061    190.985    191.034  ScO6C15H21+H2+FH+CoCl3->3ClH+ScF+CoO6C15H21
2  0.149006 -410.951   -50.362  10    10.0  5.474    9.310 -2.253   11.563   17.354  -3.109  -0.970    -1.712      61.925     59.811     61.152   ScO6C15H21+3FH+CoCl3->3ClH+ScF3+CoO6C15H21




---------------------------------------------------------------------
10 reactions with the worst weights:
---------------------------------------------------------------------
     weight      dfH  drE_corr  dn  n+|dn|      u      drH   ddrH      drE  drE_CBS  drE_CV  drE_IT  drE_TPNO  drE_HF_CBS  drE_HF_TZ  drE_HF_QZ                                     reaction
2  0.149006 -410.951   -50.362  10    10.0  5.474    9.310 -2.253   11.563   17.354  -3.109  -0.970    -1.712      61.925     59.811     61.152   ScO6C15H21+3FH+CoCl3->3ClH+ScF3+CoO6C15H21
1  0.313645 -410.506   -42.219   9    10.0  4.512  150.199  1.357  148.842  153.028  -2.145  -0.757    -1.284     191.061    190.985    191.034  ScO6C15H21+H2+FH+CoCl3->3ClH+ScF+CoO6C15H21
0  1.000000 -410.015   -46.337   4     4.0  4.912   21.315  1.449   19.866   23.077  -1.161  -0.956    -1.094      66.203     65.417     65.916           ScO6C15H21+CoCl3->ScCl3+CoO6C15H21




---------------------------------------------------------------------
10 reactions with the worst dHf:
---------------------------------------------------------------------
     weight      dfH  drE_corr  dn  n+|dn|      u      drH   ddrH      drE  drE_CBS  drE_CV  drE_IT  drE_TPNO  drE_HF_CBS  drE_HF_TZ  drE_HF_QZ                                     reaction
2  0.149006 -410.951   -50.362  10    10.0  5.474    9.310 -2.253   11.563   17.354  -3.109  -0.970    -1.712      61.925     59.811     61.152   ScO6C15H21+3FH+CoCl3->3ClH+ScF3+CoO6C15H21
1  0.313645 -410.506   -42.219   9    10.0  4.512  150.199  1.357  148.842  153.028  -2.145  -0.757    -1.284     191.061    190.985    191.034  ScO6C15H21+H2+FH+CoCl3->3ClH+ScF+CoO6C15H21
0  1.000000 -410.015   -46.337   4     4.0  4.912   21.315  1.449   19.866   23.077  -1.161  -0.956    -1.094      66.203     65.417     65.916           ScO6C15H21+CoCl3->ScCl3+CoO6C15H21
