---------------------------------------------------------------------
Results for m1_00_Scacac3-PBE0_Vacac3.all 

Average dfH = -411.19 

Uncertainty = 5.79
Computational contribution = 2.02
Experimental contribution = 5.43
---------------------------------------------------------------------
Number of reactions with all coeficients ≤  10 : 6  of  6
Parameters:
h1 = 2.87 
h2 = 61.44 

Summ of all weights = 1.69
---------------------------------------------------------------------
Average values and MSE of reaction characteristics:

                      Mean       St dev
          dfH      -411.19         1.01
     drE_corr        31.29        15.14
    n+dn_priv         8.21         1.47
          drH       -30.85        65.09
         ddrH         3.22         1.82
          drE       -34.07        64.19
      drE_CBS       -36.15        64.02
       drE_IT         1.64         0.62
       drE_CV         0.90         0.62
   drE_HF_CBS       -65.36        62.42
          u/2         2.71         0.18


---------------------------------------------------------------------
6 reactions with the best weights:
---------------------------------------------------------------------
     weight      dfH  drE_corr  dn  n+|dn|      u      drH   ddrH      drE  drE_CBS  drE_CV  drE_IT  drE_TPNO  drE_HF_CBS  drE_HF_TZ  drE_HF_QZ                                          reaction
0  1.000000 -411.463    29.683  13     7.0  5.170   17.953  3.518   14.435   12.409   0.924   1.554    -0.452     -15.248    -13.265    -14.523      2ScO6C15H21+H2+2FH+2VO->2OH2+2ScF+2VO6C15H21
3  0.311868 -410.972    25.565  17    10.0  5.523 -110.931  3.610 -114.541 -117.542   1.908   1.355    -0.262    -140.106   -138.833   -139.640   2ScO6C15H21+6ClH+2VO->H2+2OH2+2ScCl3+2VO6C15H21
2  0.275379 -411.908    21.540  17    10.0  6.027 -122.936 -0.091 -122.845 -123.267  -0.040   1.342    -0.880    -144.385   -144.439   -144.404     2ScO6C15H21+6FH+2VO->H2+2OH2+2ScF3+2VO6C15H21
1  0.070009 -407.448    90.660  17     9.0  5.798   29.545  8.457   21.088   16.849   0.200   4.065    -0.026     -69.572    -65.880    -68.220    2ScO6C15H21+3H2+2FH+2VO2->4OH2+2ScF+2VO6C15H21
4  0.018416 -407.893    82.516  19    11.0  6.574 -111.344  4.847 -116.191 -118.825  -0.764   3.852    -0.454    -198.707   -197.054   -198.102    2ScO6C15H21+H2+6FH+2VO2->4OH2+2ScF3+2VO6C15H21
5  0.017773 -406.957    86.542  19    11.0  6.115  -99.339  8.549 -107.888 -113.103   1.185   3.866     0.164    -194.430   -191.448   -193.338  2ScO6C15H21+H2+6ClH+2VO2->4OH2+2ScCl3+2VO6C15H21




---------------------------------------------------------------------
10 reactions with the worst weights:
---------------------------------------------------------------------
     weight      dfH  drE_corr  dn  n+|dn|      u      drH   ddrH      drE  drE_CBS  drE_CV  drE_IT  drE_TPNO  drE_HF_CBS  drE_HF_TZ  drE_HF_QZ                                          reaction
5  0.017773 -406.957    86.542  19    11.0  6.115  -99.339  8.549 -107.888 -113.103   1.185   3.866     0.164    -194.430   -191.448   -193.338  2ScO6C15H21+H2+6ClH+2VO2->4OH2+2ScCl3+2VO6C15H21
4  0.018416 -407.893    82.516  19    11.0  6.574 -111.344  4.847 -116.191 -118.825  -0.764   3.852    -0.454    -198.707   -197.054   -198.102    2ScO6C15H21+H2+6FH+2VO2->4OH2+2ScF3+2VO6C15H21
1  0.070009 -407.448    90.660  17     9.0  5.798   29.545  8.457   21.088   16.849   0.200   4.065    -0.026     -69.572    -65.880    -68.220    2ScO6C15H21+3H2+2FH+2VO2->4OH2+2ScF+2VO6C15H21
2  0.275379 -411.908    21.540  17    10.0  6.027 -122.936 -0.091 -122.845 -123.267  -0.040   1.342    -0.880    -144.385   -144.439   -144.404     2ScO6C15H21+6FH+2VO->H2+2OH2+2ScF3+2VO6C15H21




---------------------------------------------------------------------
10 reactions with the worst dHf:
---------------------------------------------------------------------
     weight      dfH  drE_corr  dn  n+|dn|      u      drH   ddrH      drE  drE_CBS  drE_CV  drE_IT  drE_TPNO  drE_HF_CBS  drE_HF_TZ  drE_HF_QZ                                          reaction
2  0.275379 -411.908    21.540  17    10.0  6.027 -122.936 -0.091 -122.845 -123.267  -0.040   1.342    -0.880    -144.385   -144.439   -144.404     2ScO6C15H21+6FH+2VO->H2+2OH2+2ScF3+2VO6C15H21
0  1.000000 -411.463    29.683  13     7.0  5.170   17.953  3.518   14.435   12.409   0.924   1.554    -0.452     -15.248    -13.265    -14.523      2ScO6C15H21+H2+2FH+2VO->2OH2+2ScF+2VO6C15H21
3  0.311868 -410.972    25.565  17    10.0  5.523 -110.931  3.610 -114.541 -117.542   1.908   1.355    -0.262    -140.106   -138.833   -139.640   2ScO6C15H21+6ClH+2VO->H2+2OH2+2ScCl3+2VO6C15H21
4  0.018416 -407.893    82.516  19    11.0  6.574 -111.344  4.847 -116.191 -118.825  -0.764   3.852    -0.454    -198.707   -197.054   -198.102    2ScO6C15H21+H2+6FH+2VO2->4OH2+2ScF3+2VO6C15H21
1  0.070009 -407.448    90.660  17     9.0  5.798   29.545  8.457   21.088   16.849   0.200   4.065    -0.026     -69.572    -65.880    -68.220    2ScO6C15H21+3H2+2FH+2VO2->4OH2+2ScF+2VO6C15H21
5  0.017773 -406.957    86.542  19    11.0  6.115  -99.339  8.549 -107.888 -113.103   1.185   3.866     0.164    -194.430   -191.448   -193.338  2ScO6C15H21+H2+6ClH+2VO2->4OH2+2ScCl3+2VO6C15H21
