---------------------------------------------------------------------
Results for m1_00_Scacac3-PBE0_Coacac3_tmp.all 

Average dfH = -410.62 

Uncertainty = 5.75
Computational contribution = 0.64
Experimental contribution = 5.72
---------------------------------------------------------------------
Number of reactions with all coeficients ≤  10 : 3  of  3
Parameters:
h1 = 4.89 
h2 = 46.04 

Summ of all weights = 1.45
---------------------------------------------------------------------
Average values and MSE of reaction characteristics:

                      Mean       St dev
          dfH      -410.62         0.32
     drE_corr       -45.93         2.25
    n+dn_priv         5.87         2.78
          drH        46.39        52.78
         ddrH         1.03         1.14
          drE        45.36        52.55
      drE_CBS        49.05        52.77
       drE_IT        -0.92         0.08
       drE_CV        -1.57         0.66
   drE_HF_CBS        91.29        50.62
          u/2         2.86         0.11


---------------------------------------------------------------------
3 reactions with the best weights:
---------------------------------------------------------------------
     weight      dfH  drE_corr  dn  n+|dn|      u      drH   ddrH      drE  drE_CBS  drE_CV  drE_IT  drE_TPNO  drE_HF_CBS  drE_HF_TZ  drE_HF_QZ                                     reaction
0  1.000000 -410.415   -46.337   4     4.0  5.732   21.315  1.449   19.866   23.077  -1.161  -0.956    -1.094      66.203     65.417     65.916           ScO6C15H21+CoCl3->ScCl3+CoO6C15H21
1  0.297646 -410.906   -42.219   9    10.0  5.394  150.199  1.357  148.842  153.028  -2.145  -0.757    -1.284     191.061    190.985    191.034  ScO6C15H21+H2+FH+CoCl3->3ClH+ScF+CoO6C15H21
2  0.156852 -411.351   -50.362  10    10.0  6.220    9.310 -2.253   11.563   17.354  -3.109  -0.970    -1.712      61.925     59.811     61.152   ScO6C15H21+3FH+CoCl3->3ClH+ScF3+CoO6C15H21




---------------------------------------------------------------------
10 reactions with the worst weights:
---------------------------------------------------------------------
     weight      dfH  drE_corr  dn  n+|dn|      u      drH   ddrH      drE  drE_CBS  drE_CV  drE_IT  drE_TPNO  drE_HF_CBS  drE_HF_TZ  drE_HF_QZ                                     reaction
2  0.156852 -411.351   -50.362  10    10.0  6.220    9.310 -2.253   11.563   17.354  -3.109  -0.970    -1.712      61.925     59.811     61.152   ScO6C15H21+3FH+CoCl3->3ClH+ScF3+CoO6C15H21
1  0.297646 -410.906   -42.219   9    10.0  5.394  150.199  1.357  148.842  153.028  -2.145  -0.757    -1.284     191.061    190.985    191.034  ScO6C15H21+H2+FH+CoCl3->3ClH+ScF+CoO6C15H21
0  1.000000 -410.415   -46.337   4     4.0  5.732   21.315  1.449   19.866   23.077  -1.161  -0.956    -1.094      66.203     65.417     65.916           ScO6C15H21+CoCl3->ScCl3+CoO6C15H21




---------------------------------------------------------------------
10 reactions with the worst dHf:
---------------------------------------------------------------------
     weight      dfH  drE_corr  dn  n+|dn|      u      drH   ddrH      drE  drE_CBS  drE_CV  drE_IT  drE_TPNO  drE_HF_CBS  drE_HF_TZ  drE_HF_QZ                                     reaction
2  0.156852 -411.351   -50.362  10    10.0  6.220    9.310 -2.253   11.563   17.354  -3.109  -0.970    -1.712      61.925     59.811     61.152   ScO6C15H21+3FH+CoCl3->3ClH+ScF3+CoO6C15H21
1  0.297646 -410.906   -42.219   9    10.0  5.394  150.199  1.357  148.842  153.028  -2.145  -0.757    -1.284     191.061    190.985    191.034  ScO6C15H21+H2+FH+CoCl3->3ClH+ScF+CoO6C15H21
0  1.000000 -410.415   -46.337   4     4.0  5.732   21.315  1.449   19.866   23.077  -1.161  -0.956    -1.094      66.203     65.417     65.916           ScO6C15H21+CoCl3->ScCl3+CoO6C15H21
