---------------------------------------------------------------------
Results for m1_00_Scacac3-PBE0_Mnacac3_tmp.all 

Average dfH = -410.89 

Uncertainty = 6.59
Computational contribution = 3.37
Experimental contribution = 5.67
---------------------------------------------------------------------
Number of reactions with all coeficients ≤  10 : 9  of  9
Parameters:
h1 = 4.15 
h2 = 28.72 

Summ of all weights = 3.37
---------------------------------------------------------------------
Average values and MSE of reaction characteristics:

                      Mean       St dev
          dfH      -410.89         1.68
     drE_corr       -23.77         6.72
    n+dn_priv         6.41         1.64
          drH        85.88        60.21
         ddrH        -0.66         1.01
          drE        86.54        59.85
      drE_CBS        87.59        60.02
       drE_IT        -0.79         0.10
       drE_CV         1.75         0.54
   drE_HF_CBS       110.31        57.49
          u/2         2.83         0.17


---------------------------------------------------------------------
9 reactions with the best weights:
---------------------------------------------------------------------
     weight      dfH  drE_corr  dn  n+|dn|      u      drH   ddrH      drE  drE_CBS  drE_CV  drE_IT  drE_TPNO  drE_HF_CBS  drE_HF_TZ  drE_HF_QZ                                           reaction
6  1.000000 -409.089   -19.194  11     6.0  5.605   41.519 -0.402   41.921   42.412   2.190  -0.853    -1.828      61.115     62.525     61.631     2ScO6C15H21+2ClH+2MnCl2->H2+2ScCl3+2MnO6C15H21
7  0.672008 -409.580   -15.076  15     8.0  5.258  170.403 -0.494  170.897  172.363   1.205  -0.653    -2.018     185.973    188.094    186.749   2ScO6C15H21+H2+2FH+2MnCl2->4ClH+2ScF+2MnO6C15H21
0  0.666734 -412.232   -28.103   4     4.0  5.971  109.232  0.314  108.918  109.912   1.767  -0.735    -2.026     137.021    138.819    137.680                     ScO6C15H21+MnF->ScF+MnO6C15H21
1  0.551908 -413.114   -29.994   6     6.0  5.467  117.767 -1.084  118.851  120.017   1.715  -0.778    -2.103     148.845    150.727    149.534             ScO6C15H21+FH+MnCl->ClH+ScF+MnO6C15H21
2  0.177286 -412.623   -34.113   7     8.0  5.802  -11.117 -0.992  -10.125   -9.933   2.699  -0.978    -1.913      23.988     25.158     24.416          ScO6C15H21+2ClH+MnCl->H2+ScCl3+MnO6C15H21
3  0.109928 -412.678   -36.247   7     8.0  6.727  -31.656 -3.296  -28.360  -25.761   0.803  -0.947    -2.455       7.887      7.645      7.798             ScO6C15H21+2FH+MnF->H2+ScF3+MnO6C15H21
8  0.107050 -410.025   -23.219  19    10.0  6.103   29.514 -4.104   33.618   36.689   0.241  -0.866    -2.446      56.837     56.920     56.867  2ScO6C15H21+6FH+2MnCl2->H2+4ClH+2ScF3+2MnO6C15H21
4  0.055209 -411.742   -32.222   9    10.0  6.279  -19.651  0.406  -20.057  -20.038   2.751  -0.934    -1.836      12.165     13.251     12.562        ScO6C15H21+3ClH+MnF->H2+FH+ScCl3+MnO6C15H21
5  0.033273 -413.559   -38.138   9    10.0  6.284  -23.122 -4.694  -18.428  -15.657   0.751  -0.991    -2.531      19.710     19.553     19.652        ScO6C15H21+3FH+MnCl->H2+ClH+ScF3+MnO6C15H21




---------------------------------------------------------------------
10 reactions with the worst weights:
---------------------------------------------------------------------
     weight      dfH  drE_corr  dn  n+|dn|      u     drH   ddrH     drE  drE_CBS  drE_CV  drE_IT  drE_TPNO  drE_HF_CBS  drE_HF_TZ  drE_HF_QZ                                     reaction
5  0.033273 -413.559   -38.138   9    10.0  6.284 -23.122 -4.694 -18.428  -15.657   0.751  -0.991    -2.531       19.71     19.553     19.652  ScO6C15H21+3FH+MnCl->H2+ClH+ScF3+MnO6C15H21




---------------------------------------------------------------------
10 reactions with the worst dHf:
---------------------------------------------------------------------
     weight      dfH  drE_corr  dn  n+|dn|      u      drH   ddrH      drE  drE_CBS  drE_CV  drE_IT  drE_TPNO  drE_HF_CBS  drE_HF_TZ  drE_HF_QZ                                           reaction
5  0.033273 -413.559   -38.138   9    10.0  6.284  -23.122 -4.694  -18.428  -15.657   0.751  -0.991    -2.531      19.710     19.553     19.652        ScO6C15H21+3FH+MnCl->H2+ClH+ScF3+MnO6C15H21
1  0.551908 -413.114   -29.994   6     6.0  5.467  117.767 -1.084  118.851  120.017   1.715  -0.778    -2.103     148.845    150.727    149.534             ScO6C15H21+FH+MnCl->ClH+ScF+MnO6C15H21
3  0.109928 -412.678   -36.247   7     8.0  6.727  -31.656 -3.296  -28.360  -25.761   0.803  -0.947    -2.455       7.887      7.645      7.798             ScO6C15H21+2FH+MnF->H2+ScF3+MnO6C15H21
2  0.177286 -412.623   -34.113   7     8.0  5.802  -11.117 -0.992  -10.125   -9.933   2.699  -0.978    -1.913      23.988     25.158     24.416          ScO6C15H21+2ClH+MnCl->H2+ScCl3+MnO6C15H21
0  0.666734 -412.232   -28.103   4     4.0  5.971  109.232  0.314  108.918  109.912   1.767  -0.735    -2.026     137.021    138.819    137.680                     ScO6C15H21+MnF->ScF+MnO6C15H21
4  0.055209 -411.742   -32.222   9    10.0  6.279  -19.651  0.406  -20.057  -20.038   2.751  -0.934    -1.836      12.165     13.251     12.562        ScO6C15H21+3ClH+MnF->H2+FH+ScCl3+MnO6C15H21
8  0.107050 -410.025   -23.219  19    10.0  6.103   29.514 -4.104   33.618   36.689   0.241  -0.866    -2.446      56.837     56.920     56.867  2ScO6C15H21+6FH+2MnCl2->H2+4ClH+2ScF3+2MnO6C15H21
7  0.672008 -409.580   -15.076  15     8.0  5.258  170.403 -0.494  170.897  172.363   1.205  -0.653    -2.018     185.973    188.094    186.749   2ScO6C15H21+H2+2FH+2MnCl2->4ClH+2ScF+2MnO6C15H21
6  1.000000 -409.089   -19.194  11     6.0  5.605   41.519 -0.402   41.921   42.412   2.190  -0.853    -1.828      61.115     62.525     61.631     2ScO6C15H21+2ClH+2MnCl2->H2+2ScCl3+2MnO6C15H21
