---------------------------------------------------------------------
Results for m5_00_Mnacac3-PBE0_Tiacac_tmp.all 

Average dfH = -292.56 

Uncertainty = 7.77
Computational contribution = 4.45
Experimental contribution = 6.37
---------------------------------------------------------------------
Number of reactions with all coeficients ≤  10 : 9  of  9
Parameters:
h1 = 2.42 
h2 = 75.62 

Summ of all weights = 3.61
---------------------------------------------------------------------
Average values and MSE of reaction characteristics:

                      Mean       St dev
          dfH      -292.56         2.22
     drE_corr        52.08        16.11
    n+dn_priv         7.65         0.75
          drH      -102.72        59.81
         ddrH         3.19         1.81
          drE      -105.91        61.06
      drE_CBS      -108.14        63.70
       drE_IT         2.31         0.49
       drE_CV        -1.68         1.55
       drE_SR         0.72         1.23
   drE_HF_CBS      -157.99        51.07
          u/2         3.19         0.23


---------------------------------------------------------------------
9 reactions with the best weights:
---------------------------------------------------------------------
     weight      dfH  drE_corr  dn  n+|dn|      u      drH   ddrH      drE  drE_CBS  drE_CV  drE_IT  drE_TPNO  drE_SR  drE_HF_CBS  drE_HF_TZ  drE_HF_QZ                                            reaction
1  1.000000 -295.274    35.595   7     8.0  6.191 -168.059  3.756 -171.815 -175.499  -0.559   2.001     1.091   1.151    -207.410   -208.520   -207.816           MnO6C15H21+2ClH+TiO->OH2+MnCl2+TiO6C15H21
4  0.892026 -291.967    50.741  13     7.0  6.369 -115.196  4.346 -119.542 -123.152  -1.069   2.126     1.175   1.378    -170.283   -171.153   -170.602    2MnO6C15H21+H2+2ClH+2TiO->2OH2+2MnCl+2TiO6C15H21
3  0.805165 -292.986    48.988  13     7.0  6.807 -106.524  2.949 -109.473 -113.049  -1.121   2.082     1.099   1.516    -158.461   -159.245   -158.748      2MnO6C15H21+H2+2FH+2TiO->2OH2+2MnF+2TiO6C15H21
0  0.658708 -289.671    65.906   7     8.0  5.829   -7.889  0.323   -8.212   -4.811  -4.537   2.804    -0.014  -1.654     -74.118    -75.073    -74.467          MnO6C15H21+H2+TiCl4->2ClH+MnCl2+TiO6C15H21
7  0.106543 -286.364    81.052  17    10.0  6.018   44.974  0.913   44.061   47.535  -5.047   2.929     0.071  -1.427     -36.991    -37.707    -37.253      2MnO6C15H21+3H2+2TiCl4->6ClH+2MnCl+2TiO6C15H21
6  0.051472 -291.712   112.126  17     9.0  7.857  -88.544  9.255  -97.799 -104.056  -0.771   4.203     1.087   1.738    -209.925   -208.996   -209.585  2MnO6C15H21+3H2+2ClH+2TiO2->4OH2+2MnCl+2TiO6C15H21
5  0.050394 -292.732   110.373  17     9.0  8.216  -79.871  7.857  -87.728  -93.951  -0.823   4.159     1.011   1.876    -198.101   -197.089   -197.731    2MnO6C15H21+3H2+2FH+2TiO2->4OH2+2MnF+2TiO6C15H21
2  0.039493 -295.020    96.980   9    10.0  7.714 -141.406  8.665 -150.071 -156.401  -0.262   4.078     1.003   1.511    -247.051   -246.363   -246.799      MnO6C15H21+H2+2ClH+TiO2->2OH2+MnCl2+TiO6C15H21
8  0.006251 -287.384    79.298  21    12.0  6.479   53.647 -0.485   54.132   57.641  -5.099   2.885    -0.006  -1.289     -25.166    -25.799    -25.398   2MnO6C15H21+3H2+2FH+2TiCl4->8ClH+2MnF+2TiO6C15H21




---------------------------------------------------------------------
10 reactions with the worst weights:
---------------------------------------------------------------------
     weight      dfH  drE_corr  dn  n+|dn|      u     drH   ddrH     drE  drE_CBS  drE_CV  drE_IT  drE_TPNO  drE_SR  drE_HF_CBS  drE_HF_TZ  drE_HF_QZ                                           reaction
8  0.006251 -287.384    79.298  21    12.0  6.479  53.647 -0.485  54.132   57.641  -5.099   2.885    -0.006  -1.289     -25.166    -25.799    -25.398  2MnO6C15H21+3H2+2FH+2TiCl4->8ClH+2MnF+2TiO6C15H21




---------------------------------------------------------------------
10 reactions with the worst dHf:
---------------------------------------------------------------------
     weight      dfH  drE_corr  dn  n+|dn|      u      drH   ddrH      drE  drE_CBS  drE_CV  drE_IT  drE_TPNO  drE_SR  drE_HF_CBS  drE_HF_TZ  drE_HF_QZ                                            reaction
1  1.000000 -295.274    35.595   7     8.0  6.191 -168.059  3.756 -171.815 -175.499  -0.559   2.001     1.091   1.151    -207.410   -208.520   -207.816           MnO6C15H21+2ClH+TiO->OH2+MnCl2+TiO6C15H21
2  0.039493 -295.020    96.980   9    10.0  7.714 -141.406  8.665 -150.071 -156.401  -0.262   4.078     1.003   1.511    -247.051   -246.363   -246.799      MnO6C15H21+H2+2ClH+TiO2->2OH2+MnCl2+TiO6C15H21
3  0.805165 -292.986    48.988  13     7.0  6.807 -106.524  2.949 -109.473 -113.049  -1.121   2.082     1.099   1.516    -158.461   -159.245   -158.748      2MnO6C15H21+H2+2FH+2TiO->2OH2+2MnF+2TiO6C15H21
5  0.050394 -292.732   110.373  17     9.0  8.216  -79.871  7.857  -87.728  -93.951  -0.823   4.159     1.011   1.876    -198.101   -197.089   -197.731    2MnO6C15H21+3H2+2FH+2TiO2->4OH2+2MnF+2TiO6C15H21
4  0.892026 -291.967    50.741  13     7.0  6.369 -115.196  4.346 -119.542 -123.152  -1.069   2.126     1.175   1.378    -170.283   -171.153   -170.602    2MnO6C15H21+H2+2ClH+2TiO->2OH2+2MnCl+2TiO6C15H21
6  0.051472 -291.712   112.126  17     9.0  7.857  -88.544  9.255  -97.799 -104.056  -0.771   4.203     1.087   1.738    -209.925   -208.996   -209.585  2MnO6C15H21+3H2+2ClH+2TiO2->4OH2+2MnCl+2TiO6C15H21
0  0.658708 -289.671    65.906   7     8.0  5.829   -7.889  0.323   -8.212   -4.811  -4.537   2.804    -0.014  -1.654     -74.118    -75.073    -74.467          MnO6C15H21+H2+TiCl4->2ClH+MnCl2+TiO6C15H21
8  0.006251 -287.384    79.298  21    12.0  6.479   53.647 -0.485   54.132   57.641  -5.099   2.885    -0.006  -1.289     -25.166    -25.799    -25.398   2MnO6C15H21+3H2+2FH+2TiCl4->8ClH+2MnF+2TiO6C15H21
7  0.106543 -286.364    81.052  17    10.0  6.018   44.974  0.913   44.061   47.535  -5.047   2.929     0.071  -1.427     -36.991    -37.707    -37.253      2MnO6C15H21+3H2+2TiCl4->6ClH+2MnCl+2TiO6C15H21
