---------------------------------------------------------------------
Results for m5_00_Mnacac3-PBE0_Scacac_tmp.all 

Average dfH = -290.05 

Uncertainty = 7.15
Computational contribution = 4.91
Experimental contribution = 5.21
---------------------------------------------------------------------
Number of reactions with all coeficients ≤  10 : 9  of  9
Parameters:
h1 = 4.27 
h2 = 28.21 

Summ of all weights = 2.72
---------------------------------------------------------------------
Average values and MSE of reaction characteristics:

                      Mean       St dev
          dfH      -290.05         2.45
     drE_corr        22.56         6.85
    n+dn_priv         6.51         1.61
          drH       -76.58        60.30
         ddrH         0.72         1.07
          drE       -77.30        59.93
      drE_CBS       -77.30        60.07
       drE_IT         0.81         0.10
       drE_CV        -1.79         0.58
       drE_SR        -1.00         0.18
   drE_HF_CBS       -99.86        57.58
          u/2         2.60         0.27


---------------------------------------------------------------------
9 reactions with the best weights:
---------------------------------------------------------------------
     weight      dfH  drE_corr  dn  n+|dn|      u      drH   ddrH      drE  drE_CBS  drE_CV  drE_IT  drE_TPNO  drE_SR  drE_HF_CBS  drE_HF_TZ  drE_HF_QZ                                           reaction
6  1.000000 -292.746    18.029  11     6.0  4.627  -42.684  0.402  -43.086  -42.412  -2.190   0.853     1.828  -1.165     -61.115    -62.525    -61.631     2MnO6C15H21+H2+2ScCl3->2ClH+2MnCl2+2ScO6C15H21
7  0.457345 -289.586    13.941  15     8.0  5.344 -171.537  0.494 -172.031 -172.363  -1.205   0.653     2.018  -1.134    -185.972   -188.094   -186.749   2MnO6C15H21+4ClH+2ScF->H2+2FH+2MnCl2+2ScO6C15H21
0  0.429118 -287.298    27.334   4     4.0  6.046 -110.002 -0.314 -109.688 -109.912  -1.767   0.735     2.026  -0.770    -137.022   -138.819   -137.680                     MnO6C15H21+ScF->MnF+ScO6C15H21
1  0.361093 -286.278    29.087   6     6.0  5.550 -118.675  1.084 -119.759 -120.018  -1.715   0.778     2.103  -0.907    -148.846   -150.727   -149.534             MnO6C15H21+ClH+ScF->FH+MnCl+ScO6C15H21
2  0.176807 -289.439    33.175   7     8.0  4.863   10.179  0.992    9.187    9.933  -2.699   0.978     1.913  -0.938     -23.988    -25.158    -24.416          MnO6C15H21+H2+ScCl3->2ClH+MnCl+ScO6C15H21
8  0.109239 -292.075    22.319  19    10.0  5.219  -30.414  4.104  -34.518  -36.689  -0.241   0.866     2.446  -0.900     -56.837    -56.920    -56.867  2MnO6C15H21+H2+4ClH+2ScF3->6FH+2MnCl2+2ScO6C15H21
3  0.095272 -289.787    35.711   7     8.0  5.936   31.121  3.296   27.825   25.761  -0.803   0.947     2.455  -0.535      -7.886     -7.645     -7.798             MnO6C15H21+H2+ScF3->2FH+MnF+ScO6C15H21
4  0.054711 -290.458    31.421   9    10.0  5.423   18.851 -0.406   19.257   20.038  -2.751   0.934     1.836  -0.800     -12.164    -13.251    -12.562        MnO6C15H21+H2+FH+ScCl3->3ClH+MnF+ScO6C15H21
5  0.032336 -288.768    37.465   9    10.0  5.430   22.449  4.694   17.755   15.657  -0.751   0.991     2.531  -0.673     -19.710    -19.553    -19.652        MnO6C15H21+H2+ClH+ScF3->3FH+MnCl+ScO6C15H21




---------------------------------------------------------------------
10 reactions with the worst weights:
---------------------------------------------------------------------
     weight      dfH  drE_corr  dn  n+|dn|     u     drH   ddrH     drE  drE_CBS  drE_CV  drE_IT  drE_TPNO  drE_SR  drE_HF_CBS  drE_HF_TZ  drE_HF_QZ                                     reaction
5  0.032336 -288.768    37.465   9    10.0  5.43  22.449  4.694  17.755   15.657  -0.751   0.991     2.531  -0.673      -19.71    -19.553    -19.652  MnO6C15H21+H2+ClH+ScF3->3FH+MnCl+ScO6C15H21




---------------------------------------------------------------------
10 reactions with the worst dHf:
---------------------------------------------------------------------
     weight      dfH  drE_corr  dn  n+|dn|      u      drH   ddrH      drE  drE_CBS  drE_CV  drE_IT  drE_TPNO  drE_SR  drE_HF_CBS  drE_HF_TZ  drE_HF_QZ                                           reaction
6  1.000000 -292.746    18.029  11     6.0  4.627  -42.684  0.402  -43.086  -42.412  -2.190   0.853     1.828  -1.165     -61.115    -62.525    -61.631     2MnO6C15H21+H2+2ScCl3->2ClH+2MnCl2+2ScO6C15H21
8  0.109239 -292.075    22.319  19    10.0  5.219  -30.414  4.104  -34.518  -36.689  -0.241   0.866     2.446  -0.900     -56.837    -56.920    -56.867  2MnO6C15H21+H2+4ClH+2ScF3->6FH+2MnCl2+2ScO6C15H21
4  0.054711 -290.458    31.421   9    10.0  5.423   18.851 -0.406   19.257   20.038  -2.751   0.934     1.836  -0.800     -12.164    -13.251    -12.562        MnO6C15H21+H2+FH+ScCl3->3ClH+MnF+ScO6C15H21
3  0.095272 -289.787    35.711   7     8.0  5.936   31.121  3.296   27.825   25.761  -0.803   0.947     2.455  -0.535      -7.886     -7.645     -7.798             MnO6C15H21+H2+ScF3->2FH+MnF+ScO6C15H21
7  0.457345 -289.586    13.941  15     8.0  5.344 -171.537  0.494 -172.031 -172.363  -1.205   0.653     2.018  -1.134    -185.972   -188.094   -186.749   2MnO6C15H21+4ClH+2ScF->H2+2FH+2MnCl2+2ScO6C15H21
2  0.176807 -289.439    33.175   7     8.0  4.863   10.179  0.992    9.187    9.933  -2.699   0.978     1.913  -0.938     -23.988    -25.158    -24.416          MnO6C15H21+H2+ScCl3->2ClH+MnCl+ScO6C15H21
5  0.032336 -288.768    37.465   9    10.0  5.430   22.449  4.694   17.755   15.657  -0.751   0.991     2.531  -0.673     -19.710    -19.553    -19.652        MnO6C15H21+H2+ClH+ScF3->3FH+MnCl+ScO6C15H21
0  0.429118 -287.298    27.334   4     4.0  6.046 -110.002 -0.314 -109.688 -109.912  -1.767   0.735     2.026  -0.770    -137.022   -138.819   -137.680                     MnO6C15H21+ScF->MnF+ScO6C15H21
1  0.361093 -286.278    29.087   6     6.0  5.550 -118.675  1.084 -119.759 -120.018  -1.715   0.778     2.103  -0.907    -148.846   -150.727   -149.534             MnO6C15H21+ClH+ScF->FH+MnCl+ScO6C15H21
