---------------------------------------------------------------------
Results for m5_00_Mnacac3-PBE0_Cracac_tmp.all 

Average dfH = -291.29 

Uncertainty = 5.86
Computational contribution = 2.8
Experimental contribution = 5.15
---------------------------------------------------------------------
Number of reactions with all coeficients ≤  10 : 6  of  6
Parameters:
h1 = 2.04 
h2 = 19.31 

Summ of all weights = 1.83
---------------------------------------------------------------------
Average values and MSE of reaction characteristics:

                      Mean       St dev
          dfH      -291.29         1.40
     drE_corr         5.01         6.55
    n+dn_priv         4.91         1.00
          drH       -70.24        24.57
         ddrH         0.59         0.54
          drE       -70.82        24.55
      drE_CBS       -71.51        24.59
       drE_IT         0.27         0.06
       drE_CV        -1.17         0.23
       drE_SR         0.31         0.13
   drE_HF_CBS       -75.83        18.36
          u/2         2.57         0.14


---------------------------------------------------------------------
6 reactions with the best weights:
---------------------------------------------------------------------
     weight      dfH  drE_corr  dn  n+|dn|       u      drH   ddrH      drE  drE_CBS  drE_CV  drE_IT  drE_TPNO  drE_SR  drE_HF_CBS  drE_HF_TZ  drE_HF_QZ                                          reaction
0  1.000000 -290.220     9.353   4     4.0   5.104  -57.780  1.002  -58.782  -59.457  -1.296   0.308     1.320   0.343     -68.135    -69.045    -68.468                  MnO6C15H21+CrCl->MnCl+CrO6C15H21
3  0.485648 -293.528    -5.793  11     6.0   4.880 -110.642  0.413 -111.055 -111.802  -0.787   0.182     1.236   0.116    -105.262   -106.412   -105.683     2MnO6C15H21+2ClH+2CrCl->H2+2MnCl2+2CrO6C15H21
1  0.340723 -291.240     7.600   6     6.0   5.640  -49.107 -0.395  -48.712  -49.353  -1.348   0.264     1.244   0.481     -56.312    -57.137    -56.614            MnO6C15H21+FH+CrCl->ClH+MnF+CrO6C15H21
2  0.000328 -292.015    32.834   7     8.0  11.011 -159.218  5.133 -164.351 -169.043  -0.826   2.174     3.168   0.176    -197.185   -197.022   -197.125         MnO6C15H21+2ClH+CrO->OH2+MnCl2+CrO6C15H21
4  0.000096 -289.727    46.226  13     7.0  11.369  -97.683  4.325 -102.008 -106.593  -1.387   2.255     3.176   0.541    -148.234   -147.747   -148.056    2MnO6C15H21+H2+2FH+2CrO->2OH2+2MnF+2CrO6C15H21
5  0.000064 -288.708    47.980  13     7.0  11.113 -106.355  5.723 -112.078 -116.698  -1.335   2.299     3.253   0.403    -160.058   -159.655   -159.910  2MnO6C15H21+H2+2ClH+2CrO->2OH2+2MnCl+2CrO6C15H21




---------------------------------------------------------------------
10 reactions with the worst weights:
---------------------------------------------------------------------
     weight      dfH  drE_corr  dn  n+|dn|       u      drH   ddrH      drE  drE_CBS  drE_CV  drE_IT  drE_TPNO  drE_SR  drE_HF_CBS  drE_HF_TZ  drE_HF_QZ                                          reaction
5  0.000064 -288.708    47.980  13     7.0  11.113 -106.355  5.723 -112.078 -116.698  -1.335   2.299     3.253   0.403    -160.058   -159.655   -159.910  2MnO6C15H21+H2+2ClH+2CrO->2OH2+2MnCl+2CrO6C15H21
4  0.000096 -289.727    46.226  13     7.0  11.369  -97.683  4.325 -102.008 -106.593  -1.387   2.255     3.176   0.541    -148.234   -147.747   -148.056    2MnO6C15H21+H2+2FH+2CrO->2OH2+2MnF+2CrO6C15H21
2  0.000328 -292.015    32.834   7     8.0  11.011 -159.218  5.133 -164.351 -169.043  -0.826   2.174     3.168   0.176    -197.185   -197.022   -197.125         MnO6C15H21+2ClH+CrO->OH2+MnCl2+CrO6C15H21
1  0.340723 -291.240     7.600   6     6.0   5.640  -49.107 -0.395  -48.712  -49.353  -1.348   0.264     1.244   0.481     -56.312    -57.137    -56.614            MnO6C15H21+FH+CrCl->ClH+MnF+CrO6C15H21




---------------------------------------------------------------------
10 reactions with the worst dHf:
---------------------------------------------------------------------
     weight      dfH  drE_corr  dn  n+|dn|       u      drH   ddrH      drE  drE_CBS  drE_CV  drE_IT  drE_TPNO  drE_SR  drE_HF_CBS  drE_HF_TZ  drE_HF_QZ                                          reaction
3  0.485648 -293.528    -5.793  11     6.0   4.880 -110.642  0.413 -111.055 -111.802  -0.787   0.182     1.236   0.116    -105.262   -106.412   -105.683     2MnO6C15H21+2ClH+2CrCl->H2+2MnCl2+2CrO6C15H21
2  0.000328 -292.015    32.834   7     8.0  11.011 -159.218  5.133 -164.351 -169.043  -0.826   2.174     3.168   0.176    -197.185   -197.022   -197.125         MnO6C15H21+2ClH+CrO->OH2+MnCl2+CrO6C15H21
1  0.340723 -291.240     7.600   6     6.0   5.640  -49.107 -0.395  -48.712  -49.353  -1.348   0.264     1.244   0.481     -56.312    -57.137    -56.614            MnO6C15H21+FH+CrCl->ClH+MnF+CrO6C15H21
0  1.000000 -290.220     9.353   4     4.0   5.104  -57.780  1.002  -58.782  -59.457  -1.296   0.308     1.320   0.343     -68.135    -69.045    -68.468                  MnO6C15H21+CrCl->MnCl+CrO6C15H21
4  0.000096 -289.727    46.226  13     7.0  11.369  -97.683  4.325 -102.008 -106.593  -1.387   2.255     3.176   0.541    -148.234   -147.747   -148.056    2MnO6C15H21+H2+2FH+2CrO->2OH2+2MnF+2CrO6C15H21
5  0.000064 -288.708    47.980  13     7.0  11.113 -106.355  5.723 -112.078 -116.698  -1.335   2.299     3.253   0.403    -160.058   -159.655   -159.910  2MnO6C15H21+H2+2ClH+2CrO->2OH2+2MnCl+2CrO6C15H21
