---------------------------------------------------------------------
Results for m5_00_Mnacac3-PBE0_Tiacac3_tmp.all 

Average dfH = -291.85 

Uncertainty = 7.12
Computational contribution = 3.16
Experimental contribution = 6.38
---------------------------------------------------------------------
Number of reactions with all coeficients ≤  10 : 9  of  9
Parameters:
h1 = 2.42 
h2 = 75.36 

Summ of all weights = 3.59
---------------------------------------------------------------------
Average values and MSE of reaction characteristics:

                      Mean       St dev
          dfH      -291.85         1.58
     drE_corr        51.21        16.73
    n+dn_priv         7.64         0.75
          drH      -104.73        59.88
         ddrH         3.24         1.80
          drE      -107.97        61.11
      drE_CBS      -109.53        62.67
       drE_IT         2.31         0.49
       drE_CV        -1.64         1.52
   drE_HF_CBS      -159.18        50.28
          u/2         3.19         0.23


---------------------------------------------------------------------
9 reactions with the best weights:
---------------------------------------------------------------------
     weight      dfH  drE_corr  dn  n+|dn|      u      drH   ddrH      drE  drE_CBS  drE_CV  drE_IT  drE_TPNO  drE_HF_CBS  drE_HF_TZ  drE_HF_QZ                                            reaction
1  1.000000 -294.123    34.444   7     8.0  6.191 -169.210  3.756 -172.966 -175.499  -0.559   2.001     1.091    -207.410   -208.520   -207.816           MnO6C15H21+2ClH+TiO->OH2+MnCl2+TiO6C15H21
4  0.899624 -290.589    49.363  13     7.0  6.369 -116.574  4.346 -120.920 -123.152  -1.069   2.126     1.175    -170.283   -171.153   -170.602    2MnO6C15H21+H2+2ClH+2TiO->2OH2+2MnCl+2TiO6C15H21
3  0.813385 -291.470    47.472  13     7.0  6.807 -108.040  2.949 -110.989 -113.049  -1.121   2.082     1.099    -158.461   -159.245   -158.748      2MnO6C15H21+H2+2FH+2TiO->2OH2+2MnF+2TiO6C15H21
0  0.622311 -291.325    67.559   7     8.0  5.829   -6.235  0.323   -6.558   -4.811  -4.537   2.804    -0.014     -74.117    -75.073    -74.467          MnO6C15H21+H2+TiCl4->2ClH+MnCl2+TiO6C15H21
7  0.100158 -287.791    82.478  17    10.0  6.018   46.401  0.913   45.488   47.535  -5.047   2.929     0.071     -36.990    -37.707    -37.253      2MnO6C15H21+3H2+2TiCl4->6ClH+2MnCl+2TiO6C15H21
6  0.053570 -289.975   110.388  17     9.0  7.857  -90.281  9.255  -99.536 -104.055  -0.771   4.203     1.087    -209.924   -208.996   -209.585  2MnO6C15H21+3H2+2ClH+2TiO2->4OH2+2MnCl+2TiO6C15H21
5  0.052695 -290.857   108.497  17     9.0  8.216  -81.746  7.857  -89.603  -93.950  -0.823   4.159     1.011    -198.100   -197.089   -197.731    2MnO6C15H21+3H2+2FH+2TiO2->4OH2+2MnF+2TiO6C15H21
2  0.040573 -293.509    95.469   9    10.0  7.714 -142.917  8.665 -151.582 -156.401  -0.262   4.078     1.003    -247.051   -246.363   -246.799      MnO6C15H21+H2+2ClH+TiO2->2OH2+MnCl2+TiO6C15H21
8  0.005906 -288.672    80.587  21    12.0  6.479   54.935 -0.485   55.420   57.640  -5.099   2.885    -0.006     -25.167    -25.799    -25.398   2MnO6C15H21+3H2+2FH+2TiCl4->8ClH+2MnF+2TiO6C15H21




---------------------------------------------------------------------
10 reactions with the worst weights:
---------------------------------------------------------------------
     weight      dfH  drE_corr  dn  n+|dn|      u     drH   ddrH    drE  drE_CBS  drE_CV  drE_IT  drE_TPNO  drE_HF_CBS  drE_HF_TZ  drE_HF_QZ                                           reaction
8  0.005906 -288.672    80.587  21    12.0  6.479  54.935 -0.485  55.42    57.64  -5.099   2.885    -0.006     -25.167    -25.799    -25.398  2MnO6C15H21+3H2+2FH+2TiCl4->8ClH+2MnF+2TiO6C15H21




---------------------------------------------------------------------
10 reactions with the worst dHf:
---------------------------------------------------------------------
     weight      dfH  drE_corr  dn  n+|dn|      u      drH   ddrH      drE  drE_CBS  drE_CV  drE_IT  drE_TPNO  drE_HF_CBS  drE_HF_TZ  drE_HF_QZ                                            reaction
1  1.000000 -294.123    34.444   7     8.0  6.191 -169.210  3.756 -172.966 -175.499  -0.559   2.001     1.091    -207.410   -208.520   -207.816           MnO6C15H21+2ClH+TiO->OH2+MnCl2+TiO6C15H21
2  0.040573 -293.509    95.469   9    10.0  7.714 -142.917  8.665 -151.582 -156.401  -0.262   4.078     1.003    -247.051   -246.363   -246.799      MnO6C15H21+H2+2ClH+TiO2->2OH2+MnCl2+TiO6C15H21
3  0.813385 -291.470    47.472  13     7.0  6.807 -108.040  2.949 -110.989 -113.049  -1.121   2.082     1.099    -158.461   -159.245   -158.748      2MnO6C15H21+H2+2FH+2TiO->2OH2+2MnF+2TiO6C15H21
0  0.622311 -291.325    67.559   7     8.0  5.829   -6.235  0.323   -6.558   -4.811  -4.537   2.804    -0.014     -74.117    -75.073    -74.467          MnO6C15H21+H2+TiCl4->2ClH+MnCl2+TiO6C15H21
5  0.052695 -290.857   108.497  17     9.0  8.216  -81.746  7.857  -89.603  -93.950  -0.823   4.159     1.011    -198.100   -197.089   -197.731    2MnO6C15H21+3H2+2FH+2TiO2->4OH2+2MnF+2TiO6C15H21
4  0.899624 -290.589    49.363  13     7.0  6.369 -116.574  4.346 -120.920 -123.152  -1.069   2.126     1.175    -170.283   -171.153   -170.602    2MnO6C15H21+H2+2ClH+2TiO->2OH2+2MnCl+2TiO6C15H21
6  0.053570 -289.975   110.388  17     9.0  7.857  -90.281  9.255  -99.536 -104.055  -0.771   4.203     1.087    -209.924   -208.996   -209.585  2MnO6C15H21+3H2+2ClH+2TiO2->4OH2+2MnCl+2TiO6C15H21
8  0.005906 -288.672    80.587  21    12.0  6.479   54.935 -0.485   55.420   57.640  -5.099   2.885    -0.006     -25.167    -25.799    -25.398   2MnO6C15H21+3H2+2FH+2TiCl4->8ClH+2MnF+2TiO6C15H21
7  0.100158 -287.791    82.478  17    10.0  6.018   46.401  0.913   45.488   47.535  -5.047   2.929     0.071     -36.990    -37.707    -37.253      2MnO6C15H21+3H2+2TiCl4->6ClH+2MnCl+2TiO6C15H21
