---------------------------------------------------------------------
Results for m5_00_Mnacac3-PBE0_Feacac3_tmp.all 

Average dfH = -292.38 

Uncertainty = 7.79
Computational contribution = 3.8
Experimental contribution = 6.8
---------------------------------------------------------------------
Number of reactions with all coeficients ≤  10 : 9  of  9
Parameters:
h1 = 3.02 
h2 = 42.55 

Summ of all weights = 4.29
---------------------------------------------------------------------
Average values and MSE of reaction characteristics:

                      Mean       St dev
          dfH      -292.38         1.90
     drE_corr        34.98         8.26
    n+dn_priv         5.24         1.13
          drH       -23.98        30.79
         ddrH        -0.34         0.59
          drE       -23.64        30.57
      drE_CBS       -23.88        30.82
       drE_IT         0.91         0.10
       drE_CV        -1.38         0.81
   drE_HF_CBS       -58.62        22.48
          u/2         3.40         0.20


---------------------------------------------------------------------
9 reactions with the best weights:
---------------------------------------------------------------------
     weight      dfH  drE_corr  dn  n+|dn|      u     drH   ddrH     drE  drE_CBS  drE_CV  drE_IT  drE_TPNO  drE_HF_CBS  drE_HF_TZ  drE_HF_QZ                                          reaction
0  1.000000 -294.717    36.865   4     4.0  6.359 -18.283 -0.188 -18.095  -18.241  -1.298   0.926     0.518     -54.960    -54.190    -54.678                MnO6C15H21+FeCl2->MnCl2+FeO6C15H21
7  0.883161 -294.061    21.560  11     6.0  6.960 -74.709 -0.737 -73.972  -74.630  -0.501   0.767     0.392     -95.532    -94.847    -95.281     2MnO6C15H21+2ClH+2FeCl->H2+2MnCl2+2FeO6C15H21
1  0.810458 -290.527    36.479   4     4.0  7.119 -22.073 -0.147 -21.926  -22.286  -1.010   0.893     0.477     -58.405    -57.480    -58.066                  MnO6C15H21+FeCl->MnCl+FeO6C15H21
6  0.630970 -290.765    37.159  11     6.0  6.394 -16.565  0.308 -16.873  -16.883  -2.935   1.021     1.924     -54.032    -54.326    -54.139    2MnO6C15H21+H2+2FeCl3->2ClH+2MnCl2+2FeO6C15H21
2  0.506026 -291.409    34.588   6     6.0  7.513 -13.538 -1.545 -11.993  -12.180  -1.062   0.849     0.400     -46.581    -45.572    -46.212            MnO6C15H21+FH+FeCl->ClH+MnF+FeO6C15H21
5  0.294657 -291.183    51.784  11     6.0  6.533  34.353  0.401  33.952   34.105  -1.807   1.051     0.603     -17.832    -16.823    -17.463     2MnO6C15H21+H2+2FeCl2->2ClH+2MnCl+2FeO6C15H21
8  0.077702 -292.065    49.893  15     8.0  6.960  42.888 -0.996  43.884   44.208  -1.859   1.008     0.527      -6.009     -4.916     -5.609  2MnO6C15H21+H2+2FH+2FeCl2->4ClH+2MnF+2FeO6C15H21
3  0.077174 -287.231    52.078   7     8.0  6.567  36.071  0.898  35.173   35.463  -3.445   1.146     2.009     -16.905    -16.960    -16.925         MnO6C15H21+H2+FeCl3->2ClH+MnCl+FeO6C15H21
4  0.008501 -288.113    50.187   9    10.0  6.991  44.606 -0.500  45.106   45.569  -3.497   1.102     1.932      -5.081     -5.052     -5.071       MnO6C15H21+H2+FH+FeCl3->3ClH+MnF+FeO6C15H21




---------------------------------------------------------------------
10 reactions with the worst weights:
---------------------------------------------------------------------
     weight      dfH  drE_corr  dn  n+|dn|      u     drH  ddrH     drE  drE_CBS  drE_CV  drE_IT  drE_TPNO  drE_HF_CBS  drE_HF_TZ  drE_HF_QZ                                     reaction
4  0.008501 -288.113    50.187   9    10.0  6.991  44.606  -0.5  45.106   45.569  -3.497   1.102     1.932      -5.081     -5.052     -5.071  MnO6C15H21+H2+FH+FeCl3->3ClH+MnF+FeO6C15H21




---------------------------------------------------------------------
10 reactions with the worst dHf:
---------------------------------------------------------------------
     weight      dfH  drE_corr  dn  n+|dn|      u     drH   ddrH     drE  drE_CBS  drE_CV  drE_IT  drE_TPNO  drE_HF_CBS  drE_HF_TZ  drE_HF_QZ                                          reaction
0  1.000000 -294.717    36.865   4     4.0  6.359 -18.283 -0.188 -18.095  -18.241  -1.298   0.926     0.518     -54.960    -54.190    -54.678                MnO6C15H21+FeCl2->MnCl2+FeO6C15H21
7  0.883161 -294.061    21.560  11     6.0  6.960 -74.709 -0.737 -73.972  -74.630  -0.501   0.767     0.392     -95.532    -94.847    -95.281     2MnO6C15H21+2ClH+2FeCl->H2+2MnCl2+2FeO6C15H21
8  0.077702 -292.065    49.893  15     8.0  6.960  42.888 -0.996  43.884   44.208  -1.859   1.008     0.527      -6.009     -4.916     -5.609  2MnO6C15H21+H2+2FH+2FeCl2->4ClH+2MnF+2FeO6C15H21
2  0.506026 -291.409    34.588   6     6.0  7.513 -13.538 -1.545 -11.993  -12.180  -1.062   0.849     0.400     -46.581    -45.572    -46.212            MnO6C15H21+FH+FeCl->ClH+MnF+FeO6C15H21
5  0.294657 -291.183    51.784  11     6.0  6.533  34.353  0.401  33.952   34.105  -1.807   1.051     0.603     -17.832    -16.823    -17.463     2MnO6C15H21+H2+2FeCl2->2ClH+2MnCl+2FeO6C15H21
6  0.630970 -290.765    37.159  11     6.0  6.394 -16.565  0.308 -16.873  -16.883  -2.935   1.021     1.924     -54.032    -54.326    -54.139    2MnO6C15H21+H2+2FeCl3->2ClH+2MnCl2+2FeO6C15H21
1  0.810458 -290.527    36.479   4     4.0  7.119 -22.073 -0.147 -21.926  -22.286  -1.010   0.893     0.477     -58.405    -57.480    -58.066                  MnO6C15H21+FeCl->MnCl+FeO6C15H21
4  0.008501 -288.113    50.187   9    10.0  6.991  44.606 -0.500  45.106   45.569  -3.497   1.102     1.932      -5.081     -5.052     -5.071       MnO6C15H21+H2+FH+FeCl3->3ClH+MnF+FeO6C15H21
3  0.077174 -287.231    52.078   7     8.0  6.567  36.071  0.898  35.173   35.463  -3.445   1.146     2.009     -16.905    -16.960    -16.925         MnO6C15H21+H2+FeCl3->2ClH+MnCl+FeO6C15H21
