---------------------------------------------------------------------
Results for m5_00_Mnacac3-PBE0_Scacac3_tmp.all 

Average dfH = -292.16 

Uncertainty = 5.76
Computational contribution = 3.37
Experimental contribution = 4.67
---------------------------------------------------------------------
Number of reactions with all coeficients ≤  10 : 9  of  9
Parameters:
h1 = 4.1 
h2 = 28.41 

Summ of all weights = 3.32
---------------------------------------------------------------------
Average values and MSE of reaction characteristics:

                      Mean       St dev
          dfH      -292.16         1.69
     drE_corr        23.49         6.70
    n+dn_priv         6.41         1.60
          drH       -88.17        59.89
         ddrH         0.64         0.96
          drE       -88.81        59.58
      drE_CBS       -89.85        59.77
       drE_IT         0.79         0.10
       drE_CV        -1.75         0.53
   drE_HF_CBS      -112.31        57.28
          u/2         2.34         0.20


---------------------------------------------------------------------
9 reactions with the best weights:
---------------------------------------------------------------------
     weight      dfH  drE_corr  dn  n+|dn|      u      drH   ddrH      drE  drE_CBS  drE_CV  drE_IT  drE_TPNO  drE_HF_CBS  drE_HF_TZ  drE_HF_QZ                                           reaction
6  1.000000 -293.911    19.194  11     6.0  4.627  -41.519  0.402  -41.921  -42.412  -2.190   0.853     1.828     -61.115    -62.525    -61.631     2MnO6C15H21+H2+2ScCl3->2ClH+2MnCl2+2ScO6C15H21
7  0.708481 -293.420    15.076  15     8.0  4.200 -170.403  0.494 -170.897 -172.363  -1.205   0.653     2.018    -185.973   -188.094   -186.749   2MnO6C15H21+4ClH+2ScF->H2+2FH+2MnCl2+2ScO6C15H21
0  0.628278 -290.768    28.103   4     4.0  5.064 -109.232 -0.314 -108.918 -109.912  -1.767   0.735     2.026    -137.021   -138.819   -137.680                     MnO6C15H21+ScF->MnF+ScO6C15H21
1  0.557608 -289.886    29.994   6     6.0  4.459 -117.767  1.084 -118.851 -120.017  -1.715   0.778     2.103    -148.845   -150.727   -149.534             MnO6C15H21+ClH+ScF->FH+MnCl+ScO6C15H21
2  0.165669 -290.377    34.113   7     8.0  4.863   11.117  0.992   10.125    9.933  -2.699   0.978     1.913     -23.988    -25.158    -24.416          MnO6C15H21+H2+ScCl3->2ClH+MnCl+ScO6C15H21
8  0.095001 -292.975    23.219  19    10.0  5.219  -29.514  4.104  -33.618  -36.689  -0.241   0.866     2.446     -56.837    -56.920    -56.867  2MnO6C15H21+H2+4ClH+2ScF3->6FH+2MnCl2+2ScO6C15H21
3  0.092317 -290.322    36.247   7     8.0  5.936   31.656  3.296   28.360   25.761  -0.803   0.947     2.455      -7.887     -7.645     -7.798             MnO6C15H21+H2+ScF3->2FH+MnF+ScO6C15H21
4  0.047413 -291.258    32.222   9    10.0  5.423   19.651 -0.406   20.057   20.038  -2.751   0.934     1.836     -12.165    -13.251    -12.562        MnO6C15H21+H2+FH+ScCl3->3ClH+MnF+ScO6C15H21
5  0.028238 -289.441    38.138   9    10.0  5.430   23.122  4.694   18.428   15.657  -0.751   0.991     2.531     -19.710    -19.553    -19.652        MnO6C15H21+H2+ClH+ScF3->3FH+MnCl+ScO6C15H21




---------------------------------------------------------------------
10 reactions with the worst weights:
---------------------------------------------------------------------
     weight      dfH  drE_corr  dn  n+|dn|     u     drH   ddrH     drE  drE_CBS  drE_CV  drE_IT  drE_TPNO  drE_HF_CBS  drE_HF_TZ  drE_HF_QZ                                     reaction
5  0.028238 -289.441    38.138   9    10.0  5.43  23.122  4.694  18.428   15.657  -0.751   0.991     2.531      -19.71    -19.553    -19.652  MnO6C15H21+H2+ClH+ScF3->3FH+MnCl+ScO6C15H21




---------------------------------------------------------------------
10 reactions with the worst dHf:
---------------------------------------------------------------------
     weight      dfH  drE_corr  dn  n+|dn|      u      drH   ddrH      drE  drE_CBS  drE_CV  drE_IT  drE_TPNO  drE_HF_CBS  drE_HF_TZ  drE_HF_QZ                                           reaction
6  1.000000 -293.911    19.194  11     6.0  4.627  -41.519  0.402  -41.921  -42.412  -2.190   0.853     1.828     -61.115    -62.525    -61.631     2MnO6C15H21+H2+2ScCl3->2ClH+2MnCl2+2ScO6C15H21
7  0.708481 -293.420    15.076  15     8.0  4.200 -170.403  0.494 -170.897 -172.363  -1.205   0.653     2.018    -185.973   -188.094   -186.749   2MnO6C15H21+4ClH+2ScF->H2+2FH+2MnCl2+2ScO6C15H21
8  0.095001 -292.975    23.219  19    10.0  5.219  -29.514  4.104  -33.618  -36.689  -0.241   0.866     2.446     -56.837    -56.920    -56.867  2MnO6C15H21+H2+4ClH+2ScF3->6FH+2MnCl2+2ScO6C15H21
4  0.047413 -291.258    32.222   9    10.0  5.423   19.651 -0.406   20.057   20.038  -2.751   0.934     1.836     -12.165    -13.251    -12.562        MnO6C15H21+H2+FH+ScCl3->3ClH+MnF+ScO6C15H21
0  0.628278 -290.768    28.103   4     4.0  5.064 -109.232 -0.314 -108.918 -109.912  -1.767   0.735     2.026    -137.021   -138.819   -137.680                     MnO6C15H21+ScF->MnF+ScO6C15H21
2  0.165669 -290.377    34.113   7     8.0  4.863   11.117  0.992   10.125    9.933  -2.699   0.978     1.913     -23.988    -25.158    -24.416          MnO6C15H21+H2+ScCl3->2ClH+MnCl+ScO6C15H21
3  0.092317 -290.322    36.247   7     8.0  5.936   31.656  3.296   28.360   25.761  -0.803   0.947     2.455      -7.887     -7.645     -7.798             MnO6C15H21+H2+ScF3->2FH+MnF+ScO6C15H21
1  0.557608 -289.886    29.994   6     6.0  4.459 -117.767  1.084 -118.851 -120.017  -1.715   0.778     2.103    -148.845   -150.727   -149.534             MnO6C15H21+ClH+ScF->FH+MnCl+ScO6C15H21
5  0.028238 -289.441    38.138   9    10.0  5.430   23.122  4.694   18.428   15.657  -0.751   0.991     2.531     -19.710    -19.553    -19.652        MnO6C15H21+H2+ClH+ScF3->3FH+MnCl+ScO6C15H21
