---------------------------------------------------------------------
Results for m5_00_Mnacac3-PBE0_Vacac3.all 

Average dfH = -291.34 

Uncertainty = 6.52
Computational contribution = 3.46
Experimental contribution = 5.53
---------------------------------------------------------------------
Number of reactions with all coeficients ≤  10 : 6  of  6
Parameters:
h1 = 1.68 
h2 = 86.76 

Summ of all weights = 2.89
---------------------------------------------------------------------
Average values and MSE of reaction characteristics:

                      Mean       St dev
          dfH      -291.34         1.73
     drE_corr        56.31        13.39
    n+dn_priv         7.40         0.57
          drH      -113.96        27.03
         ddrH         4.14         1.06
          drE      -118.11        27.01
      drE_CBS      -121.42        27.15
       drE_IT         2.36         0.46
       drE_CV        -0.67         0.29
   drE_HF_CBS      -174.42        22.11
          u/2         2.76         0.16


---------------------------------------------------------------------
6 reactions with the best weights:
---------------------------------------------------------------------
     weight      dfH  drE_corr  dn  n+|dn|      u      drH   ddrH      drE  drE_CBS  drE_CV  drE_IT  drE_TPNO  drE_HF_CBS  drE_HF_TZ  drE_HF_QZ                                          reaction
3  1.000000 -290.049    59.678  13     7.0  5.416  -99.814  4.602 -104.416 -107.609  -0.791   2.333     1.651    -164.094   -163.992   -164.057    2MnO6C15H21+H2+2ClH+2VO->2OH2+2MnCl+2VO6C15H21
0  0.933433 -293.583    44.759   7     8.0  5.205 -152.450  4.012 -156.462 -159.956  -0.281   2.208     1.567    -201.221   -201.359   -201.271           MnO6C15H21+2ClH+VO->OH2+MnCl2+VO6C15H21
2  0.860883 -290.931    57.787  13     7.0  5.924  -91.279  3.205  -94.484  -97.505  -0.843   2.289     1.575    -152.271   -152.084   -152.202      2MnO6C15H21+H2+2FH+2VO->2OH2+2MnF+2VO6C15H21
4  0.045355 -286.034   120.654  17     9.0  6.018  -88.222  9.541  -97.763 -103.170  -1.514   4.844     2.077    -218.417   -216.607   -217.754  2MnO6C15H21+3H2+2ClH+2VO2->4OH2+2MnCl+2VO6C15H21
5  0.041556 -286.916   118.763  17     9.0  6.479  -79.687  8.143  -87.830  -93.064  -1.567   4.800     2.001    -206.593   -204.699   -205.900    2MnO6C15H21+3H2+2FH+2VO2->4OH2+2MnF+2VO6C15H21
1  0.012810 -289.568   105.735   9    10.0  5.829 -140.858  8.951 -149.809 -155.515  -1.005   4.718     1.993    -255.544   -253.974   -254.969      MnO6C15H21+H2+2ClH+VO2->2OH2+MnCl2+VO6C15H21




---------------------------------------------------------------------
10 reactions with the worst weights:
---------------------------------------------------------------------
     weight      dfH  drE_corr  dn  n+|dn|      u      drH   ddrH      drE  drE_CBS  drE_CV  drE_IT  drE_TPNO  drE_HF_CBS  drE_HF_TZ  drE_HF_QZ                                          reaction
1  0.012810 -289.568   105.735   9    10.0  5.829 -140.858  8.951 -149.809 -155.515  -1.005   4.718     1.993    -255.544   -253.974   -254.969      MnO6C15H21+H2+2ClH+VO2->2OH2+MnCl2+VO6C15H21
5  0.041556 -286.916   118.763  17     9.0  6.479  -79.687  8.143  -87.830  -93.064  -1.567   4.800     2.001    -206.593   -204.699   -205.900    2MnO6C15H21+3H2+2FH+2VO2->4OH2+2MnF+2VO6C15H21
4  0.045355 -286.034   120.654  17     9.0  6.018  -88.222  9.541  -97.763 -103.170  -1.514   4.844     2.077    -218.417   -216.607   -217.754  2MnO6C15H21+3H2+2ClH+2VO2->4OH2+2MnCl+2VO6C15H21
2  0.860883 -290.931    57.787  13     7.0  5.924  -91.279  3.205  -94.484  -97.505  -0.843   2.289     1.575    -152.271   -152.084   -152.202      2MnO6C15H21+H2+2FH+2VO->2OH2+2MnF+2VO6C15H21




---------------------------------------------------------------------
10 reactions with the worst dHf:
---------------------------------------------------------------------
     weight      dfH  drE_corr  dn  n+|dn|      u      drH   ddrH      drE  drE_CBS  drE_CV  drE_IT  drE_TPNO  drE_HF_CBS  drE_HF_TZ  drE_HF_QZ                                          reaction
0  0.933433 -293.583    44.759   7     8.0  5.205 -152.450  4.012 -156.462 -159.956  -0.281   2.208     1.567    -201.221   -201.359   -201.271           MnO6C15H21+2ClH+VO->OH2+MnCl2+VO6C15H21
2  0.860883 -290.931    57.787  13     7.0  5.924  -91.279  3.205  -94.484  -97.505  -0.843   2.289     1.575    -152.271   -152.084   -152.202      2MnO6C15H21+H2+2FH+2VO->2OH2+2MnF+2VO6C15H21
3  1.000000 -290.049    59.678  13     7.0  5.416  -99.814  4.602 -104.416 -107.609  -0.791   2.333     1.651    -164.094   -163.992   -164.057    2MnO6C15H21+H2+2ClH+2VO->2OH2+2MnCl+2VO6C15H21
1  0.012810 -289.568   105.735   9    10.0  5.829 -140.858  8.951 -149.809 -155.515  -1.005   4.718     1.993    -255.544   -253.974   -254.969      MnO6C15H21+H2+2ClH+VO2->2OH2+MnCl2+VO6C15H21
5  0.041556 -286.916   118.763  17     9.0  6.479  -79.687  8.143  -87.830  -93.064  -1.567   4.800     2.001    -206.593   -204.699   -205.900    2MnO6C15H21+3H2+2FH+2VO2->4OH2+2MnF+2VO6C15H21
4  0.045355 -286.034   120.654  17     9.0  6.018  -88.222  9.541  -97.763 -103.170  -1.514   4.844     2.077    -218.417   -216.607   -217.754  2MnO6C15H21+3H2+2ClH+2VO2->4OH2+2MnCl+2VO6C15H21
