---------------------------------------------------------------------
Results for m5_00_Mnacac3-PBE0_Feacac_tmp.all 

Average dfH = -292.27 

Uncertainty = 8.15
Computational contribution = 4.51
Experimental contribution = 6.79
---------------------------------------------------------------------
Number of reactions with all coeficients ≤  10 : 9  of  9
Parameters:
h1 = 3.02 
h2 = 42.25 

Summ of all weights = 4.34
---------------------------------------------------------------------
Average values and MSE of reaction characteristics:

                      Mean       St dev
          dfH      -292.27         2.26
     drE_corr        34.86         8.22
    n+dn_priv         5.25         1.13
          drH       -24.20        30.67
         ddrH        -0.33         0.59
          drE       -23.87        30.45
      drE_CBS       -24.02        30.71
       drE_IT         0.91         0.10
       drE_CV        -1.40         0.83
       drE_SR        -0.09         0.69
   drE_HF_CBS       -58.73        22.40
          u/2         3.40         0.20


---------------------------------------------------------------------
9 reactions with the best weights:
---------------------------------------------------------------------
     weight      dfH  drE_corr  dn  n+|dn|      u     drH   ddrH     drE  drE_CBS  drE_CV  drE_IT  drE_TPNO  drE_SR  drE_HF_CBS  drE_HF_TZ  drE_HF_QZ                                          reaction
0  1.000000 -294.912    37.059   4     4.0  6.359 -18.088 -0.188 -17.900  -18.240  -1.298   0.926     0.518   0.194     -54.959    -54.190    -54.678                MnO6C15H21+FeCl2->MnCl2+FeO6C15H21
7  0.895872 -294.098    21.597  11     6.0  6.960 -74.672 -0.737 -73.935  -74.630  -0.501   0.767     0.392   0.037     -95.532    -94.847    -95.281     2MnO6C15H21+2ClH+2FeCl->H2+2MnCl2+2FeO6C15H21
1  0.808378 -290.791    36.743   4     4.0  7.119 -21.809 -0.147 -21.662  -22.286  -1.010   0.893     0.477   0.264     -58.405    -57.480    -58.066                  MnO6C15H21+FeCl->MnCl+FeO6C15H21
6  0.678166 -289.188    35.582  11     6.0  6.394 -18.142  0.308 -18.450  -16.883  -2.935   1.021     1.924  -1.577     -54.032    -54.326    -54.139    2MnO6C15H21+H2+2FeCl3->2ClH+2MnCl2+2FeO6C15H21
2  0.502850 -291.810    34.989   6     6.0  7.513 -13.137 -1.545 -11.592  -12.181  -1.062   0.849     0.400   0.402     -46.581    -45.572    -46.212            MnO6C15H21+FH+FeCl->ClH+MnF+FeO6C15H21
5  0.286788 -291.604    52.205  11     6.0  6.533  34.774  0.401  34.373   34.105  -1.807   1.051     0.603   0.421     -17.832    -16.823    -17.463     2MnO6C15H21+H2+2FeCl2->2ClH+2MnCl+2FeO6C15H21
3  0.083183 -285.881    50.728   7     8.0  6.567  34.721  0.898  33.823   35.463  -3.445   1.146     2.009  -1.350     -16.905    -16.960    -16.925         MnO6C15H21+H2+FeCl3->2ClH+MnCl+FeO6C15H21
8  0.075222 -292.624    50.452  15     8.0  6.960  43.447 -0.996  44.443   44.208  -1.859   1.008     0.527   0.559      -6.009     -4.916     -5.609  2MnO6C15H21+H2+2FH+2FeCl2->4ClH+2MnF+2FeO6C15H21
4  0.009083 -286.900    48.974   9    10.0  6.991  43.393 -0.500  43.893   45.568  -3.497   1.102     1.932  -1.212      -5.081     -5.052     -5.071       MnO6C15H21+H2+FH+FeCl3->3ClH+MnF+FeO6C15H21




---------------------------------------------------------------------
10 reactions with the worst weights:
---------------------------------------------------------------------
     weight    dfH  drE_corr  dn  n+|dn|      u     drH  ddrH     drE  drE_CBS  drE_CV  drE_IT  drE_TPNO  drE_SR  drE_HF_CBS  drE_HF_TZ  drE_HF_QZ                                     reaction
4  0.009083 -286.9    48.974   9    10.0  6.991  43.393  -0.5  43.893   45.568  -3.497   1.102     1.932  -1.212      -5.081     -5.052     -5.071  MnO6C15H21+H2+FH+FeCl3->3ClH+MnF+FeO6C15H21




---------------------------------------------------------------------
10 reactions with the worst dHf:
---------------------------------------------------------------------
     weight      dfH  drE_corr  dn  n+|dn|      u     drH   ddrH     drE  drE_CBS  drE_CV  drE_IT  drE_TPNO  drE_SR  drE_HF_CBS  drE_HF_TZ  drE_HF_QZ                                          reaction
0  1.000000 -294.912    37.059   4     4.0  6.359 -18.088 -0.188 -17.900  -18.240  -1.298   0.926     0.518   0.194     -54.959    -54.190    -54.678                MnO6C15H21+FeCl2->MnCl2+FeO6C15H21
7  0.895872 -294.098    21.597  11     6.0  6.960 -74.672 -0.737 -73.935  -74.630  -0.501   0.767     0.392   0.037     -95.532    -94.847    -95.281     2MnO6C15H21+2ClH+2FeCl->H2+2MnCl2+2FeO6C15H21
8  0.075222 -292.624    50.452  15     8.0  6.960  43.447 -0.996  44.443   44.208  -1.859   1.008     0.527   0.559      -6.009     -4.916     -5.609  2MnO6C15H21+H2+2FH+2FeCl2->4ClH+2MnF+2FeO6C15H21
2  0.502850 -291.810    34.989   6     6.0  7.513 -13.137 -1.545 -11.592  -12.181  -1.062   0.849     0.400   0.402     -46.581    -45.572    -46.212            MnO6C15H21+FH+FeCl->ClH+MnF+FeO6C15H21
5  0.286788 -291.604    52.205  11     6.0  6.533  34.774  0.401  34.373   34.105  -1.807   1.051     0.603   0.421     -17.832    -16.823    -17.463     2MnO6C15H21+H2+2FeCl2->2ClH+2MnCl+2FeO6C15H21
1  0.808378 -290.791    36.743   4     4.0  7.119 -21.809 -0.147 -21.662  -22.286  -1.010   0.893     0.477   0.264     -58.405    -57.480    -58.066                  MnO6C15H21+FeCl->MnCl+FeO6C15H21
6  0.678166 -289.188    35.582  11     6.0  6.394 -18.142  0.308 -18.450  -16.883  -2.935   1.021     1.924  -1.577     -54.032    -54.326    -54.139    2MnO6C15H21+H2+2FeCl3->2ClH+2MnCl2+2FeO6C15H21
4  0.009083 -286.900    48.974   9    10.0  6.991  43.393 -0.500  43.893   45.568  -3.497   1.102     1.932  -1.212      -5.081     -5.052     -5.071       MnO6C15H21+H2+FH+FeCl3->3ClH+MnF+FeO6C15H21
3  0.083183 -285.881    50.728   7     8.0  6.567  34.721  0.898  33.823   35.463  -3.445   1.146     2.009  -1.350     -16.905    -16.960    -16.925         MnO6C15H21+H2+FeCl3->2ClH+MnCl+FeO6C15H21
