---------------------------------------------------------------------
Results for m5_00_Mnacac3-PBE0_Coacac_tmp.all 

Average dfH = -286.37 

Uncertainty = 7.02
Computational contribution = 3.05
Experimental contribution = 6.32
---------------------------------------------------------------------
Number of reactions with all coeficients ≤  10 : 3  of  3
Parameters:
h1 = 2.48 
h2 = 23.54 

Summ of all weights = 1.66
---------------------------------------------------------------------
Average values and MSE of reaction characteristics:

                      Mean       St dev
          dfH      -286.37         1.53
     drE_corr       -21.61         7.05
    n+dn_priv         7.48         1.14
          drH        11.34        25.33
         ddrH         2.15         0.40
          drE         9.19        25.15
      drE_CBS        16.47        25.19
       drE_IT        -0.02         0.06
       drE_CV        -3.70         0.24
       drE_SR        -4.35         0.12
   drE_HF_CBS        30.79        18.23
          u/2         3.16         0.08


---------------------------------------------------------------------
3 reactions with the best weights:
---------------------------------------------------------------------
     weight      dfH  drE_corr  dn  n+|dn|      u     drH   ddrH     drE  drE_CBS  drE_CV  drE_IT  drE_TPNO  drE_SR  drE_HF_CBS  drE_HF_TZ  drE_HF_QZ                                        reaction
0  1.000000 -285.209   -16.507   7     8.0  6.351  28.149  2.441  25.708   33.010  -3.860   0.022     0.819  -4.283      42.215     40.259     41.500       MnO6C15H21+H2+CoCl3->2ClH+MnCl+CoO6C15H21
2  0.544552 -288.517   -31.653  11     6.0  6.172 -24.713  1.851 -26.564  -19.335  -3.350  -0.104     0.735  -4.510       5.089      2.892      4.285  2MnO6C15H21+H2+2CoCl3->2ClH+2MnCl2+2CoO6C15H21
1  0.110895 -286.229   -18.260   9    10.0  6.789  36.822  1.043  35.779   43.115  -3.912  -0.022     0.743  -4.145      54.039     52.166     53.354     MnO6C15H21+H2+FH+CoCl3->3ClH+MnF+CoO6C15H21




---------------------------------------------------------------------
10 reactions with the worst weights:
---------------------------------------------------------------------
     weight      dfH  drE_corr  dn  n+|dn|      u     drH   ddrH     drE  drE_CBS  drE_CV  drE_IT  drE_TPNO  drE_SR  drE_HF_CBS  drE_HF_TZ  drE_HF_QZ                                        reaction
1  0.110895 -286.229   -18.260   9    10.0  6.789  36.822  1.043  35.779   43.115  -3.912  -0.022     0.743  -4.145      54.039     52.166     53.354     MnO6C15H21+H2+FH+CoCl3->3ClH+MnF+CoO6C15H21
2  0.544552 -288.517   -31.653  11     6.0  6.172 -24.713  1.851 -26.564  -19.335  -3.350  -0.104     0.735  -4.510       5.089      2.892      4.285  2MnO6C15H21+H2+2CoCl3->2ClH+2MnCl2+2CoO6C15H21
0  1.000000 -285.209   -16.507   7     8.0  6.351  28.149  2.441  25.708   33.010  -3.860   0.022     0.819  -4.283      42.215     40.259     41.500       MnO6C15H21+H2+CoCl3->2ClH+MnCl+CoO6C15H21




---------------------------------------------------------------------
10 reactions with the worst dHf:
---------------------------------------------------------------------
     weight      dfH  drE_corr  dn  n+|dn|      u     drH   ddrH     drE  drE_CBS  drE_CV  drE_IT  drE_TPNO  drE_SR  drE_HF_CBS  drE_HF_TZ  drE_HF_QZ                                        reaction
2  0.544552 -288.517   -31.653  11     6.0  6.172 -24.713  1.851 -26.564  -19.335  -3.350  -0.104     0.735  -4.510       5.089      2.892      4.285  2MnO6C15H21+H2+2CoCl3->2ClH+2MnCl2+2CoO6C15H21
1  0.110895 -286.229   -18.260   9    10.0  6.789  36.822  1.043  35.779   43.115  -3.912  -0.022     0.743  -4.145      54.039     52.166     53.354     MnO6C15H21+H2+FH+CoCl3->3ClH+MnF+CoO6C15H21
0  1.000000 -285.209   -16.507   7     8.0  6.351  28.149  2.441  25.708   33.010  -3.860   0.022     0.819  -4.283      42.215     40.259     41.500       MnO6C15H21+H2+CoCl3->2ClH+MnCl+CoO6C15H21
