---------------------------------------------------------------------
Results for m5_00_Mnacac3-PBE0_Cracac3_tmp.all 

Average dfH = -290.97 

Uncertainty = 5.95
Computational contribution = 2.99
Experimental contribution = 5.15
---------------------------------------------------------------------
Number of reactions with all coeficients ≤  10 : 6  of  6
Parameters:
h1 = 2.04 
h2 = 19.07 

Summ of all weights = 1.82
---------------------------------------------------------------------
Average values and MSE of reaction characteristics:

                      Mean       St dev
          dfH      -290.97         1.49
     drE_corr         4.75         6.41
    n+dn_priv         4.90         1.00
          drH       -70.34        24.35
         ddrH         0.59         0.54
          drE       -70.93        24.32
      drE_CBS       -71.31        24.49
       drE_IT         0.27         0.06
       drE_CV        -1.17         0.23
   drE_HF_CBS       -75.68        18.29
          u/2         2.57         0.14


---------------------------------------------------------------------
6 reactions with the best weights:
---------------------------------------------------------------------
     weight      dfH  drE_corr  dn  n+|dn|       u      drH   ddrH      drE  drE_CBS  drE_CV  drE_IT  drE_TPNO  drE_HF_CBS  drE_HF_TZ  drE_HF_QZ                                          reaction
0  1.000000 -289.877     9.009   4     4.0   5.104  -58.123  1.002  -59.125  -59.457  -1.296   0.308     1.320     -68.134    -69.045    -68.468                  MnO6C15H21+CrCl->MnCl+CrO6C15H21
3  0.477187 -293.411    -5.909  11     6.0   4.880 -110.759  0.413 -111.172 -111.803  -0.787   0.182     1.236    -105.263   -106.412   -105.683     2MnO6C15H21+2ClH+2CrCl->H2+2MnCl2+2CrO6C15H21
1  0.342114 -290.759     7.118   6     6.0   5.640  -49.588 -0.395  -49.193  -49.353  -1.348   0.264     1.244     -56.311    -57.137    -56.614            MnO6C15H21+FH+CrCl->ClH+MnF+CrO6C15H21
2  0.000312 -291.839    32.658   7     8.0  11.011 -159.394  5.133 -164.527 -169.043  -0.826   2.174     3.168    -197.185   -197.022   -197.125         MnO6C15H21+2ClH+CrO->OH2+MnCl2+CrO6C15H21
4  0.000094 -289.186    45.685  13     7.0  11.369  -98.224  4.325 -102.549 -106.593  -1.387   2.255     3.176    -148.234   -147.747   -148.056    2MnO6C15H21+H2+2FH+2CrO->2OH2+2MnF+2CrO6C15H21
5  0.000061 -288.305    47.576  13     7.0  11.113 -106.758  5.723 -112.481 -116.698  -1.335   2.299     3.253    -160.057   -159.655   -159.910  2MnO6C15H21+H2+2ClH+2CrO->2OH2+2MnCl+2CrO6C15H21




---------------------------------------------------------------------
10 reactions with the worst weights:
---------------------------------------------------------------------
     weight      dfH  drE_corr  dn  n+|dn|       u      drH   ddrH      drE  drE_CBS  drE_CV  drE_IT  drE_TPNO  drE_HF_CBS  drE_HF_TZ  drE_HF_QZ                                          reaction
5  0.000061 -288.305    47.576  13     7.0  11.113 -106.758  5.723 -112.481 -116.698  -1.335   2.299     3.253    -160.057   -159.655   -159.910  2MnO6C15H21+H2+2ClH+2CrO->2OH2+2MnCl+2CrO6C15H21
4  0.000094 -289.186    45.685  13     7.0  11.369  -98.224  4.325 -102.549 -106.593  -1.387   2.255     3.176    -148.234   -147.747   -148.056    2MnO6C15H21+H2+2FH+2CrO->2OH2+2MnF+2CrO6C15H21
2  0.000312 -291.839    32.658   7     8.0  11.011 -159.394  5.133 -164.527 -169.043  -0.826   2.174     3.168    -197.185   -197.022   -197.125         MnO6C15H21+2ClH+CrO->OH2+MnCl2+CrO6C15H21
1  0.342114 -290.759     7.118   6     6.0   5.640  -49.588 -0.395  -49.193  -49.353  -1.348   0.264     1.244     -56.311    -57.137    -56.614            MnO6C15H21+FH+CrCl->ClH+MnF+CrO6C15H21




---------------------------------------------------------------------
10 reactions with the worst dHf:
---------------------------------------------------------------------
     weight      dfH  drE_corr  dn  n+|dn|       u      drH   ddrH      drE  drE_CBS  drE_CV  drE_IT  drE_TPNO  drE_HF_CBS  drE_HF_TZ  drE_HF_QZ                                          reaction
3  0.477187 -293.411    -5.909  11     6.0   4.880 -110.759  0.413 -111.172 -111.803  -0.787   0.182     1.236    -105.263   -106.412   -105.683     2MnO6C15H21+2ClH+2CrCl->H2+2MnCl2+2CrO6C15H21
2  0.000312 -291.839    32.658   7     8.0  11.011 -159.394  5.133 -164.527 -169.043  -0.826   2.174     3.168    -197.185   -197.022   -197.125         MnO6C15H21+2ClH+CrO->OH2+MnCl2+CrO6C15H21
1  0.342114 -290.759     7.118   6     6.0   5.640  -49.588 -0.395  -49.193  -49.353  -1.348   0.264     1.244     -56.311    -57.137    -56.614            MnO6C15H21+FH+CrCl->ClH+MnF+CrO6C15H21
0  1.000000 -289.877     9.009   4     4.0   5.104  -58.123  1.002  -59.125  -59.457  -1.296   0.308     1.320     -68.134    -69.045    -68.468                  MnO6C15H21+CrCl->MnCl+CrO6C15H21
4  0.000094 -289.186    45.685  13     7.0  11.369  -98.224  4.325 -102.549 -106.593  -1.387   2.255     3.176    -148.234   -147.747   -148.056    2MnO6C15H21+H2+2FH+2CrO->2OH2+2MnF+2CrO6C15H21
5  0.000061 -288.305    47.576  13     7.0  11.113 -106.758  5.723 -112.481 -116.698  -1.335   2.299     3.253    -160.057   -159.655   -159.910  2MnO6C15H21+H2+2ClH+2CrO->2OH2+2MnCl+2CrO6C15H21
