---------------------------------------------------------------------
Results for m5_00_Mnacac3-PBE0_Coacac3_tmp.all 

Average dfH = -290.57 

Uncertainty = 6.43
Computational contribution = 3.16
Experimental contribution = 5.6
---------------------------------------------------------------------
Number of reactions with all coeficients ≤  10 : 3  of  3
Parameters:
h1 = 2.45 
h2 = 19.5 

Summ of all weights = 1.55
---------------------------------------------------------------------
Average values and MSE of reaction characteristics:

                      Mean       St dev
          dfH      -290.57         1.58
     drE_corr       -16.66         6.70
    n+dn_priv         7.55         1.10
          drH        17.78        24.30
         ddrH         2.18         0.40
          drE        15.60        24.12
      drE_CBS        18.55        24.27
       drE_IT        -0.02         0.06
       drE_CV        -3.72         0.23
   drE_HF_CBS        32.26        17.55
          u/2         2.80         0.08


---------------------------------------------------------------------
3 reactions with the best weights:
---------------------------------------------------------------------
     weight      dfH  drE_corr  dn  n+|dn|      u     drH   ddrH     drE  drE_CBS  drE_CV  drE_IT  drE_TPNO  drE_HF_CBS  drE_HF_TZ  drE_HF_QZ                                        reaction
0  1.000000 -289.492   -12.225   7     8.0  5.629  32.432  2.441  29.991   33.010  -3.860   0.022     0.819      42.216     40.259     41.500       MnO6C15H21+H2+CoCl3->2ClH+MnCl+CoO6C15H21
2  0.446885 -293.026   -27.143  11     6.0  5.427 -20.204  1.851 -22.055  -19.336  -3.350  -0.104     0.735       5.088      2.892      4.285  2MnO6C15H21+H2+2CoCl3->2ClH+2MnCl2+2CoO6C15H21
1  0.100485 -290.374   -14.116   9    10.0  6.120  40.967  1.043  39.924   43.115  -3.912  -0.022     0.743      54.040     52.166     53.354     MnO6C15H21+H2+FH+CoCl3->3ClH+MnF+CoO6C15H21




---------------------------------------------------------------------
10 reactions with the worst weights:
---------------------------------------------------------------------
     weight      dfH  drE_corr  dn  n+|dn|      u     drH   ddrH     drE  drE_CBS  drE_CV  drE_IT  drE_TPNO  drE_HF_CBS  drE_HF_TZ  drE_HF_QZ                                        reaction
1  0.100485 -290.374   -14.116   9    10.0  6.120  40.967  1.043  39.924   43.115  -3.912  -0.022     0.743      54.040     52.166     53.354     MnO6C15H21+H2+FH+CoCl3->3ClH+MnF+CoO6C15H21
2  0.446885 -293.026   -27.143  11     6.0  5.427 -20.204  1.851 -22.055  -19.336  -3.350  -0.104     0.735       5.088      2.892      4.285  2MnO6C15H21+H2+2CoCl3->2ClH+2MnCl2+2CoO6C15H21
0  1.000000 -289.492   -12.225   7     8.0  5.629  32.432  2.441  29.991   33.010  -3.860   0.022     0.819      42.216     40.259     41.500       MnO6C15H21+H2+CoCl3->2ClH+MnCl+CoO6C15H21




---------------------------------------------------------------------
10 reactions with the worst dHf:
---------------------------------------------------------------------
     weight      dfH  drE_corr  dn  n+|dn|      u     drH   ddrH     drE  drE_CBS  drE_CV  drE_IT  drE_TPNO  drE_HF_CBS  drE_HF_TZ  drE_HF_QZ                                        reaction
2  0.446885 -293.026   -27.143  11     6.0  5.427 -20.204  1.851 -22.055  -19.336  -3.350  -0.104     0.735       5.088      2.892      4.285  2MnO6C15H21+H2+2CoCl3->2ClH+2MnCl2+2CoO6C15H21
1  0.100485 -290.374   -14.116   9    10.0  6.120  40.967  1.043  39.924   43.115  -3.912  -0.022     0.743      54.040     52.166     53.354     MnO6C15H21+H2+FH+CoCl3->3ClH+MnF+CoO6C15H21
0  1.000000 -289.492   -12.225   7     8.0  5.629  32.432  2.441  29.991   33.010  -3.860   0.022     0.819      42.216     40.259     41.500       MnO6C15H21+H2+CoCl3->2ClH+MnCl+CoO6C15H21
