---------------------------------------------------------------------
Results for m5_00_Mnacac3-PBE0_Coacac3.all 

Average dfH = -290.23 

Uncertainty = 5.74
Computational contribution = 3.22
Experimental contribution = 4.75
---------------------------------------------------------------------
Number of reactions with all coeficients ≤  10 : 3  of  3
Parameters:
h1 = 2.4 
h2 = 19.67 

Summ of all weights = 1.57
---------------------------------------------------------------------
Average values and MSE of reaction characteristics:

                      Mean       St dev
          dfH      -290.23         1.61
     drE_corr       -16.93         6.83
    n+dn_priv         7.49         1.10
          drH        16.67        24.71
         ddrH         2.18         0.39
          drE        14.48        24.52
      drE_CBS        17.42        24.66
       drE_IT        -0.02         0.06
       drE_CV        -3.71         0.24
   drE_HF_CBS        31.42        17.80
          u/2         2.37         0.09


---------------------------------------------------------------------
3 reactions with the best weights:
---------------------------------------------------------------------
     weight      dfH  drE_corr  dn  n+|dn|      u     drH   ddrH     drE  drE_CBS  drE_CV  drE_IT  drE_TPNO  drE_HF_CBS  drE_HF_TZ  drE_HF_QZ                                        reaction
0  1.000000 -289.092   -12.225   7     8.0  4.792  32.432  2.441  29.991   33.010  -3.860   0.022     0.819      42.216     40.259     41.500       MnO6C15H21+H2+CoCl3->2ClH+MnCl+CoO6C15H21
2  0.485648 -292.626   -27.143  11     6.0  4.552 -20.204  1.851 -22.055  -19.336  -3.350  -0.104     0.735       5.088      2.892      4.285  2MnO6C15H21+H2+2CoCl3->2ClH+2MnCl2+2CoO6C15H21
1  0.088019 -289.974   -14.116   9    10.0  5.359  40.967  1.043  39.924   43.115  -3.912  -0.022     0.743      54.040     52.166     53.354     MnO6C15H21+H2+FH+CoCl3->3ClH+MnF+CoO6C15H21




---------------------------------------------------------------------
10 reactions with the worst weights:
---------------------------------------------------------------------
     weight      dfH  drE_corr  dn  n+|dn|      u     drH   ddrH     drE  drE_CBS  drE_CV  drE_IT  drE_TPNO  drE_HF_CBS  drE_HF_TZ  drE_HF_QZ                                        reaction
1  0.088019 -289.974   -14.116   9    10.0  5.359  40.967  1.043  39.924   43.115  -3.912  -0.022     0.743      54.040     52.166     53.354     MnO6C15H21+H2+FH+CoCl3->3ClH+MnF+CoO6C15H21
2  0.485648 -292.626   -27.143  11     6.0  4.552 -20.204  1.851 -22.055  -19.336  -3.350  -0.104     0.735       5.088      2.892      4.285  2MnO6C15H21+H2+2CoCl3->2ClH+2MnCl2+2CoO6C15H21
0  1.000000 -289.092   -12.225   7     8.0  4.792  32.432  2.441  29.991   33.010  -3.860   0.022     0.819      42.216     40.259     41.500       MnO6C15H21+H2+CoCl3->2ClH+MnCl+CoO6C15H21




---------------------------------------------------------------------
10 reactions with the worst dHf:
---------------------------------------------------------------------
     weight      dfH  drE_corr  dn  n+|dn|      u     drH   ddrH     drE  drE_CBS  drE_CV  drE_IT  drE_TPNO  drE_HF_CBS  drE_HF_TZ  drE_HF_QZ                                        reaction
2  0.485648 -292.626   -27.143  11     6.0  4.552 -20.204  1.851 -22.055  -19.336  -3.350  -0.104     0.735       5.088      2.892      4.285  2MnO6C15H21+H2+2CoCl3->2ClH+2MnCl2+2CoO6C15H21
1  0.088019 -289.974   -14.116   9    10.0  5.359  40.967  1.043  39.924   43.115  -3.912  -0.022     0.743      54.040     52.166     53.354     MnO6C15H21+H2+FH+CoCl3->3ClH+MnF+CoO6C15H21
0  1.000000 -289.092   -12.225   7     8.0  4.792  32.432  2.441  29.991   33.010  -3.860   0.022     0.819      42.216     40.259     41.500       MnO6C15H21+H2+CoCl3->2ClH+MnCl+CoO6C15H21
