---------------------------------------------------------------------
Results for m5_00_Mnacac3-PBE0_Vacac_tmp.all 

Average dfH = -291.97 

Uncertainty = 6.8
Computational contribution = 3.42
Experimental contribution = 5.87
---------------------------------------------------------------------
Number of reactions with all coeficients ≤  10 : 6  of  6
Parameters:
h1 = 1.68 
h2 = 87.87 

Summ of all weights = 2.91
---------------------------------------------------------------------
Average values and MSE of reaction characteristics:

                      Mean       St dev
          dfH      -291.97         1.71
     drE_corr        57.75        13.67
    n+dn_priv         7.40         0.58
          drH      -112.48        27.11
         ddrH         4.15         1.09
          drE      -116.63        27.09
      drE_CBS      -121.20        27.10
       drE_IT         2.37         0.48
       drE_CV        -0.67         0.30
       drE_SR         1.24         0.19
   drE_HF_CBS      -174.38        22.20
          u/2         2.94         0.15


---------------------------------------------------------------------
6 reactions with the best weights:
---------------------------------------------------------------------
     weight      dfH  drE_corr  dn  n+|dn|      u      drH   ddrH      drE  drE_CBS  drE_CV  drE_IT  drE_TPNO  drE_SR  drE_HF_CBS  drE_HF_TZ  drE_HF_QZ                                          reaction
3  1.000000 -290.749    60.978  13     7.0  5.766  -98.514  4.602 -103.116 -107.609  -0.791   2.333     1.651   1.300    -164.094   -163.992   -164.057    2MnO6C15H21+H2+2ClH+2VO->2OH2+2MnCl+2VO6C15H21
0  0.928943 -294.057    45.832   7     8.0  5.569 -151.376  4.012 -155.388 -159.955  -0.281   2.208     1.567   1.073    -201.220   -201.359   -201.271           MnO6C15H21+2ClH+VO->OH2+MnCl2+VO6C15H21
2  0.875798 -291.769    59.224  13     7.0  6.246  -89.841  3.205  -93.046  -97.505  -0.843   2.289     1.575   1.438    -152.270   -152.084   -152.202      2MnO6C15H21+H2+2FH+2VO->2OH2+2MnF+2VO6C15H21
4  0.048743 -286.003   121.223  17     9.0  6.336  -87.653  9.541  -97.194 -103.170  -1.514   4.844     2.077   0.569    -218.417   -216.607   -217.754  2MnO6C15H21+3H2+2ClH+2VO2->4OH2+2MnCl+2VO6C15H21
5  0.045025 -287.023   119.470  17     9.0  6.775  -78.980  8.143  -87.123  -93.064  -1.567   4.800     2.001   0.707    -206.593   -204.699   -205.900    2MnO6C15H21+3H2+2FH+2VO2->4OH2+2MnF+2VO6C15H21
1  0.013823 -289.311   106.077   9    10.0  6.156 -140.515  8.951 -149.466 -155.514  -1.005   4.718     1.993   0.342    -255.543   -253.974   -254.969      MnO6C15H21+H2+2ClH+VO2->2OH2+MnCl2+VO6C15H21




---------------------------------------------------------------------
10 reactions with the worst weights:
---------------------------------------------------------------------
     weight      dfH  drE_corr  dn  n+|dn|      u      drH   ddrH      drE  drE_CBS  drE_CV  drE_IT  drE_TPNO  drE_SR  drE_HF_CBS  drE_HF_TZ  drE_HF_QZ                                          reaction
1  0.013823 -289.311   106.077   9    10.0  6.156 -140.515  8.951 -149.466 -155.514  -1.005   4.718     1.993   0.342    -255.543   -253.974   -254.969      MnO6C15H21+H2+2ClH+VO2->2OH2+MnCl2+VO6C15H21
5  0.045025 -287.023   119.470  17     9.0  6.775  -78.980  8.143  -87.123  -93.064  -1.567   4.800     2.001   0.707    -206.593   -204.699   -205.900    2MnO6C15H21+3H2+2FH+2VO2->4OH2+2MnF+2VO6C15H21
4  0.048743 -286.003   121.223  17     9.0  6.336  -87.653  9.541  -97.194 -103.170  -1.514   4.844     2.077   0.569    -218.417   -216.607   -217.754  2MnO6C15H21+3H2+2ClH+2VO2->4OH2+2MnCl+2VO6C15H21
2  0.875798 -291.769    59.224  13     7.0  6.246  -89.841  3.205  -93.046  -97.505  -0.843   2.289     1.575   1.438    -152.270   -152.084   -152.202      2MnO6C15H21+H2+2FH+2VO->2OH2+2MnF+2VO6C15H21




---------------------------------------------------------------------
10 reactions with the worst dHf:
---------------------------------------------------------------------
     weight      dfH  drE_corr  dn  n+|dn|      u      drH   ddrH      drE  drE_CBS  drE_CV  drE_IT  drE_TPNO  drE_SR  drE_HF_CBS  drE_HF_TZ  drE_HF_QZ                                          reaction
0  0.928943 -294.057    45.832   7     8.0  5.569 -151.376  4.012 -155.388 -159.955  -0.281   2.208     1.567   1.073    -201.220   -201.359   -201.271           MnO6C15H21+2ClH+VO->OH2+MnCl2+VO6C15H21
2  0.875798 -291.769    59.224  13     7.0  6.246  -89.841  3.205  -93.046  -97.505  -0.843   2.289     1.575   1.438    -152.270   -152.084   -152.202      2MnO6C15H21+H2+2FH+2VO->2OH2+2MnF+2VO6C15H21
3  1.000000 -290.749    60.978  13     7.0  5.766  -98.514  4.602 -103.116 -107.609  -0.791   2.333     1.651   1.300    -164.094   -163.992   -164.057    2MnO6C15H21+H2+2ClH+2VO->2OH2+2MnCl+2VO6C15H21
1  0.013823 -289.311   106.077   9    10.0  6.156 -140.515  8.951 -149.466 -155.514  -1.005   4.718     1.993   0.342    -255.543   -253.974   -254.969      MnO6C15H21+H2+2ClH+VO2->2OH2+MnCl2+VO6C15H21
5  0.045025 -287.023   119.470  17     9.0  6.775  -78.980  8.143  -87.123  -93.064  -1.567   4.800     2.001   0.707    -206.593   -204.699   -205.900    2MnO6C15H21+3H2+2FH+2VO2->4OH2+2MnF+2VO6C15H21
4  0.048743 -286.003   121.223  17     9.0  6.336  -87.653  9.541  -97.194 -103.170  -1.514   4.844     2.077   0.569    -218.417   -216.607   -217.754  2MnO6C15H21+3H2+2ClH+2VO2->4OH2+2MnCl+2VO6C15H21
