---------------------------------------------------------------------
Results for m4_00_Cracac3-PBE0_Vacac3.all 

Average dfH = -330.26 

Uncertainty = 8.5
Computational contribution = 2.72
Experimental contribution = 8.05
---------------------------------------------------------------------
Number of reactions with all coeficients ≤  10 : 4  of  4
Parameters:
h1 = 3.65 
h2 = 78.33 

Summ of all weights = 1.91
---------------------------------------------------------------------
Average values and MSE of reaction characteristics:

                      Mean       St dev
          dfH      -330.26         1.36
     drE_corr        41.19        23.92
    n+dn_priv         5.91         1.46
          drH       -18.25        25.55
         ddrH         2.11         2.48
          drE       -20.37        27.25
      drE_CBS       -21.76        28.93
       drE_IT         1.45         1.11
       drE_CV         0.43         0.24
   drE_HF_CBS       -61.56        44.35
          u/2         4.03         1.47


---------------------------------------------------------------------
4 reactions with the best weights:
---------------------------------------------------------------------
     weight      dfH  drE_corr  dn  n+|dn|       u     drH   ddrH     drE  drE_CBS  drE_CV  drE_IT  drE_TPNO  drE_HF_CBS  drE_HF_TZ  drE_HF_QZ                                          reaction
2  1.000000 -330.072    50.668  13     7.0   5.353 -41.691  3.600 -45.291  -48.152   0.505   2.025     0.331     -95.959    -94.947    -95.588    2CrO6C15H21+H2+2ClH+2VO->2OH2+2CrCl+2VO6C15H21
0  0.661757 -331.644    12.101   4     4.0  11.229   6.944 -1.120   8.064    9.088   0.544   0.034    -1.602      -4.037     -4.337     -4.146                      CrO6C15H21+VO->CrO+VO6C15H21
1  0.199438 -327.629    73.078   6     6.0  11.532  18.536  3.818  14.718   13.528  -0.179   2.545    -1.176     -58.360    -56.952    -57.844              CrO6C15H21+H2+VO2->OH2+CrO+VO6C15H21
3  0.048450 -326.057   111.645  17     9.0   5.962 -30.099  8.538 -38.637  -43.712  -0.218   4.536     0.757    -150.282   -147.562   -149.286  2CrO6C15H21+3H2+2ClH+2VO2->4OH2+2CrCl+2VO6C15H21




---------------------------------------------------------------------
10 reactions with the worst weights:
---------------------------------------------------------------------
     weight      dfH  drE_corr  dn  n+|dn|       u     drH   ddrH     drE  drE_CBS  drE_CV  drE_IT  drE_TPNO  drE_HF_CBS  drE_HF_TZ  drE_HF_QZ                                          reaction
3  0.048450 -326.057   111.645  17     9.0   5.962 -30.099  8.538 -38.637  -43.712  -0.218   4.536     0.757    -150.282   -147.562   -149.286  2CrO6C15H21+3H2+2ClH+2VO2->4OH2+2CrCl+2VO6C15H21
1  0.199438 -327.629    73.078   6     6.0  11.532  18.536  3.818  14.718   13.528  -0.179   2.545    -1.176     -58.360    -56.952    -57.844              CrO6C15H21+H2+VO2->OH2+CrO+VO6C15H21
0  0.661757 -331.644    12.101   4     4.0  11.229   6.944 -1.120   8.064    9.088   0.544   0.034    -1.602      -4.037     -4.337     -4.146                      CrO6C15H21+VO->CrO+VO6C15H21
2  1.000000 -330.072    50.668  13     7.0   5.353 -41.691  3.600 -45.291  -48.152   0.505   2.025     0.331     -95.959    -94.947    -95.588    2CrO6C15H21+H2+2ClH+2VO->2OH2+2CrCl+2VO6C15H21




---------------------------------------------------------------------
10 reactions with the worst dHf:
---------------------------------------------------------------------
     weight      dfH  drE_corr  dn  n+|dn|       u     drH   ddrH     drE  drE_CBS  drE_CV  drE_IT  drE_TPNO  drE_HF_CBS  drE_HF_TZ  drE_HF_QZ                                          reaction
0  0.661757 -331.644    12.101   4     4.0  11.229   6.944 -1.120   8.064    9.088   0.544   0.034    -1.602      -4.037     -4.337     -4.146                      CrO6C15H21+VO->CrO+VO6C15H21
2  1.000000 -330.072    50.668  13     7.0   5.353 -41.691  3.600 -45.291  -48.152   0.505   2.025     0.331     -95.959    -94.947    -95.588    2CrO6C15H21+H2+2ClH+2VO->2OH2+2CrCl+2VO6C15H21
1  0.199438 -327.629    73.078   6     6.0  11.532  18.536  3.818  14.718   13.528  -0.179   2.545    -1.176     -58.360    -56.952    -57.844              CrO6C15H21+H2+VO2->OH2+CrO+VO6C15H21
3  0.048450 -326.057   111.645  17     9.0   5.962 -30.099  8.538 -38.637  -43.712  -0.218   4.536     0.757    -150.282   -147.562   -149.286  2CrO6C15H21+3H2+2ClH+2VO2->4OH2+2CrCl+2VO6C15H21
