---------------------------------------------------------------------
Results for m4_00_Cracac3-PBE0_Mnacac3_tmp.all 

Average dfH = -330.62 

Uncertainty = 6.42
Computational contribution = 2.98
Experimental contribution = 5.69
---------------------------------------------------------------------
Number of reactions with all coeficients ≤  10 : 6  of  6
Parameters:
h1 = 2.09 
h2 = 20.11 

Summ of all weights = 1.85
---------------------------------------------------------------------
Average values and MSE of reaction characteristics:

                      Mean       St dev
          dfH      -330.62         1.49
     drE_corr        -4.75         6.42
    n+dn_priv         4.92         1.00
          drH        70.24        24.41
         ddrH        -0.57         0.55
          drE        70.81        24.40
      drE_CBS        71.19        24.57
       drE_IT        -0.27         0.07
       drE_CV         1.17         0.23
   drE_HF_CBS        75.56        18.43
          u/2         2.84         0.13


---------------------------------------------------------------------
6 reactions with the best weights:
---------------------------------------------------------------------
     weight      dfH  drE_corr  dn  n+|dn|       u      drH   ddrH      drE  drE_CBS  drE_CV  drE_IT  drE_TPNO  drE_HF_CBS  drE_HF_TZ  drE_HF_QZ                                          reaction
0  1.000000 -331.723    -9.009   4     4.0   5.640   58.123 -1.002   59.125   59.457   1.296  -0.308    -1.320      68.134     69.045     68.468                  CrO6C15H21+MnCl->CrCl+MnO6C15H21
3  0.484579 -328.189     5.909  11     6.0   5.438  110.759 -0.413  111.172  111.803   0.787  -0.182    -1.236     105.263    106.412    105.683     2CrO6C15H21+H2+2MnCl2->2ClH+2CrCl+2MnO6C15H21
1  0.366898 -330.841    -7.118   6     6.0   6.129   49.588  0.395   49.193   49.353   1.348  -0.264    -1.244      56.311     57.137     56.614            CrO6C15H21+ClH+MnF->FH+CrCl+MnO6C15H21
2  0.000570 -329.761   -32.658   7     8.0  11.270  159.394 -5.133  164.527  169.043   0.826  -2.174    -3.168     197.185    197.022    197.125         CrO6C15H21+OH2+MnCl2->2ClH+CrO+MnO6C15H21
4  0.000212 -332.414   -45.685  13     7.0  11.619   98.224 -4.325  102.549  106.593   1.387  -2.255    -3.176     148.234    147.747    148.056    2CrO6C15H21+2OH2+2MnF->H2+2FH+2CrO+2MnO6C15H21
5  0.000143 -333.295   -47.576  13     7.0  11.369  106.758 -5.723  112.481  116.698   1.335  -2.299    -3.253     160.057    159.655    159.910  2CrO6C15H21+2OH2+2MnCl->H2+2ClH+2CrO+2MnO6C15H21




---------------------------------------------------------------------
10 reactions with the worst weights:
---------------------------------------------------------------------
     weight      dfH  drE_corr  dn  n+|dn|       u      drH   ddrH      drE  drE_CBS  drE_CV  drE_IT  drE_TPNO  drE_HF_CBS  drE_HF_TZ  drE_HF_QZ                                          reaction
5  0.000143 -333.295   -47.576  13     7.0  11.369  106.758 -5.723  112.481  116.698   1.335  -2.299    -3.253     160.057    159.655    159.910  2CrO6C15H21+2OH2+2MnCl->H2+2ClH+2CrO+2MnO6C15H21
4  0.000212 -332.414   -45.685  13     7.0  11.619   98.224 -4.325  102.549  106.593   1.387  -2.255    -3.176     148.234    147.747    148.056    2CrO6C15H21+2OH2+2MnF->H2+2FH+2CrO+2MnO6C15H21
2  0.000570 -329.761   -32.658   7     8.0  11.270  159.394 -5.133  164.527  169.043   0.826  -2.174    -3.168     197.185    197.022    197.125         CrO6C15H21+OH2+MnCl2->2ClH+CrO+MnO6C15H21
1  0.366898 -330.841    -7.118   6     6.0   6.129   49.588  0.395   49.193   49.353   1.348  -0.264    -1.244      56.311     57.137     56.614            CrO6C15H21+ClH+MnF->FH+CrCl+MnO6C15H21




---------------------------------------------------------------------
10 reactions with the worst dHf:
---------------------------------------------------------------------
     weight      dfH  drE_corr  dn  n+|dn|       u      drH   ddrH      drE  drE_CBS  drE_CV  drE_IT  drE_TPNO  drE_HF_CBS  drE_HF_TZ  drE_HF_QZ                                          reaction
5  0.000143 -333.295   -47.576  13     7.0  11.369  106.758 -5.723  112.481  116.698   1.335  -2.299    -3.253     160.057    159.655    159.910  2CrO6C15H21+2OH2+2MnCl->H2+2ClH+2CrO+2MnO6C15H21
4  0.000212 -332.414   -45.685  13     7.0  11.619   98.224 -4.325  102.549  106.593   1.387  -2.255    -3.176     148.234    147.747    148.056    2CrO6C15H21+2OH2+2MnF->H2+2FH+2CrO+2MnO6C15H21
0  1.000000 -331.723    -9.009   4     4.0   5.640   58.123 -1.002   59.125   59.457   1.296  -0.308    -1.320      68.134     69.045     68.468                  CrO6C15H21+MnCl->CrCl+MnO6C15H21
1  0.366898 -330.841    -7.118   6     6.0   6.129   49.588  0.395   49.193   49.353   1.348  -0.264    -1.244      56.311     57.137     56.614            CrO6C15H21+ClH+MnF->FH+CrCl+MnO6C15H21
2  0.000570 -329.761   -32.658   7     8.0  11.270  159.394 -5.133  164.527  169.043   0.826  -2.174    -3.168     197.185    197.022    197.125         CrO6C15H21+OH2+MnCl2->2ClH+CrO+MnO6C15H21
3  0.484579 -328.189     5.909  11     6.0   5.438  110.759 -0.413  111.172  111.803   0.787  -0.182    -1.236     105.263    106.412    105.683     2CrO6C15H21+H2+2MnCl2->2ClH+2CrCl+2MnO6C15H21
