---------------------------------------------------------------------
Results for m4_00_Cracac3-PBE0_Tiacac3_tmp.all 

Average dfH = -330.93 

Uncertainty = 8.92
Computational contribution = 2.32
Experimental contribution = 8.61
---------------------------------------------------------------------
Number of reactions with all coeficients ≤  10 : 6  of  6
Parameters:
h1 = 4.87 
h2 = 66.0 

Summ of all weights = 2.03
---------------------------------------------------------------------
Average values and MSE of reaction characteristics:

                      Mean       St dev
          dfH      -330.93         1.16
     drE_corr        34.42        25.07
    n+dn_priv         6.35         1.89
          drH       -20.77        50.23
         ddrH         1.65         2.53
          drE       -22.42        51.69
      drE_CBS       -22.60        53.38
       drE_IT         1.31         1.06
       drE_CV        -0.08         1.16
   drE_HF_CBS       -56.84        54.19
          u/2         4.31         1.38


---------------------------------------------------------------------
6 reactions with the best weights:
---------------------------------------------------------------------
     weight      dfH  drE_corr  dn  n+|dn|       u      drH   ddrH      drE  drE_CBS  drE_CV  drE_IT  drE_TPNO  drE_HF_CBS  drE_HF_TZ  drE_HF_QZ                                            reaction
3  1.000000 -330.612    40.353  13     7.0   6.316  -58.451  3.344  -61.795  -63.695   0.227   1.818    -0.145    -102.148   -102.108   -102.134    2CrO6C15H21+H2+2ClH+2TiO->2OH2+2CrCl+2TiO6C15H21
0  0.616109 -332.184     1.787   4     4.0  11.719   -9.816 -1.376   -8.440   -6.455   0.266  -0.173    -2.078     -10.227    -11.498    -10.692                      CrO6C15H21+TiO->CrO+TiO6C15H21
1  0.182498 -331.570    62.812   6     6.0  12.590   16.477  3.532   12.945   12.643   0.564   1.904    -2.166     -49.867    -49.341    -49.675              CrO6C15H21+H2+TiO2->OH2+CrO+TiO6C15H21
5  0.151605 -327.814    73.469  17    10.0   5.962  104.524 -0.090  104.614  106.994  -3.751   2.621    -1.250      31.145     31.339     31.216      2CrO6C15H21+3H2+2TiCl4->6ClH+2CrCl+2TiO6C15H21
4  0.045746 -329.998   101.379  17     9.0   7.814  -32.158  8.252  -40.410  -44.597   0.525   3.895    -0.233    -141.789   -139.951   -141.117  2CrO6C15H21+3H2+2ClH+2TiO2->4OH2+2CrCl+2TiO6C15H21
2  0.032543 -329.386    34.902  10    12.0  11.532  153.159 -4.810  157.969  164.233  -3.712   0.630    -3.182     123.067    121.949    122.658        CrO6C15H21+H2+OH2+TiCl4->4ClH+CrO+TiO6C15H21




---------------------------------------------------------------------
10 reactions with the worst weights:
---------------------------------------------------------------------
     weight      dfH  drE_corr  dn  n+|dn|       u      drH   ddrH      drE  drE_CBS  drE_CV  drE_IT  drE_TPNO  drE_HF_CBS  drE_HF_TZ  drE_HF_QZ                                            reaction
2  0.032543 -329.386    34.902  10    12.0  11.532  153.159 -4.810  157.969  164.233  -3.712   0.630    -3.182     123.067    121.949    122.658        CrO6C15H21+H2+OH2+TiCl4->4ClH+CrO+TiO6C15H21
4  0.045746 -329.998   101.379  17     9.0   7.814  -32.158  8.252  -40.410  -44.597   0.525   3.895    -0.233    -141.789   -139.951   -141.117  2CrO6C15H21+3H2+2ClH+2TiO2->4OH2+2CrCl+2TiO6C15H21
5  0.151605 -327.814    73.469  17    10.0   5.962  104.524 -0.090  104.614  106.994  -3.751   2.621    -1.250      31.145     31.339     31.216      2CrO6C15H21+3H2+2TiCl4->6ClH+2CrCl+2TiO6C15H21
1  0.182498 -331.570    62.812   6     6.0  12.590   16.477  3.532   12.945   12.643   0.564   1.904    -2.166     -49.867    -49.341    -49.675              CrO6C15H21+H2+TiO2->OH2+CrO+TiO6C15H21




---------------------------------------------------------------------
10 reactions with the worst dHf:
---------------------------------------------------------------------
     weight      dfH  drE_corr  dn  n+|dn|       u      drH   ddrH      drE  drE_CBS  drE_CV  drE_IT  drE_TPNO  drE_HF_CBS  drE_HF_TZ  drE_HF_QZ                                            reaction
0  0.616109 -332.184     1.787   4     4.0  11.719   -9.816 -1.376   -8.440   -6.455   0.266  -0.173    -2.078     -10.227    -11.498    -10.692                      CrO6C15H21+TiO->CrO+TiO6C15H21
1  0.182498 -331.570    62.812   6     6.0  12.590   16.477  3.532   12.945   12.643   0.564   1.904    -2.166     -49.867    -49.341    -49.675              CrO6C15H21+H2+TiO2->OH2+CrO+TiO6C15H21
3  1.000000 -330.612    40.353  13     7.0   6.316  -58.451  3.344  -61.795  -63.695   0.227   1.818    -0.145    -102.148   -102.108   -102.134    2CrO6C15H21+H2+2ClH+2TiO->2OH2+2CrCl+2TiO6C15H21
4  0.045746 -329.998   101.379  17     9.0   7.814  -32.158  8.252  -40.410  -44.597   0.525   3.895    -0.233    -141.789   -139.951   -141.117  2CrO6C15H21+3H2+2ClH+2TiO2->4OH2+2CrCl+2TiO6C15H21
2  0.032543 -329.386    34.902  10    12.0  11.532  153.159 -4.810  157.969  164.233  -3.712   0.630    -3.182     123.067    121.949    122.658        CrO6C15H21+H2+OH2+TiCl4->4ClH+CrO+TiO6C15H21
5  0.151605 -327.814    73.469  17    10.0   5.962  104.524 -0.090  104.614  106.994  -3.751   2.621    -1.250      31.145     31.339     31.216      2CrO6C15H21+3H2+2TiCl4->6ClH+2CrCl+2TiO6C15H21
