---------------------------------------------------------------------
Results for m4_00_Cracac3-PBE0_Vacac_tmp.all 

Average dfH = -330.51 

Uncertainty = 9.07
Computational contribution = 3.2
Experimental contribution = 8.48
---------------------------------------------------------------------
Number of reactions with all coeficients ≤  10 : 4  of  4
Parameters:
h1 = 3.64 
h2 = 78.65 

Summ of all weights = 2.02
---------------------------------------------------------------------
Average values and MSE of reaction characteristics:

                      Mean       St dev
          dfH      -330.51         1.60
     drE_corr        41.33        24.18
    n+dn_priv         5.84         1.47
          drH       -15.99        25.52
         ddrH         2.01         2.51
          drE       -18.00        27.24
      drE_CBS       -20.13        29.04
       drE_IT         1.41         1.13
       drE_CV         0.43         0.24
       drE_SR         0.83         0.26
   drE_HF_CBS       -59.33        44.67
          u/2         4.24         1.43


---------------------------------------------------------------------
4 reactions with the best weights:
---------------------------------------------------------------------
     weight      dfH  drE_corr  dn  n+|dn|       u     drH   ddrH     drE  drE_CBS  drE_CV  drE_IT  drE_TPNO  drE_SR  drE_HF_CBS  drE_HF_TZ  drE_HF_QZ                                          reaction
2  1.000000 -330.429    51.625  13     7.0   5.707 -40.734  3.600 -44.334  -48.152   0.505   2.025     0.331   0.957     -95.959    -94.947    -95.588    2CrO6C15H21+H2+2ClH+2VO->2OH2+2CrCl+2VO6C15H21
0  0.740971 -331.941    12.998   4     4.0  11.402   7.841 -1.120   8.961    9.088   0.544   0.034    -1.602   0.897      -4.037     -4.337     -4.146                      CrO6C15H21+VO->CrO+VO6C15H21
1  0.224486 -327.195    73.244   6     6.0  11.700  18.702  3.818  14.884   13.528  -0.179   2.545    -1.176   0.166     -58.360    -56.952    -57.844              CrO6C15H21+H2+VO2->OH2+CrO+VO6C15H21
3  0.050051 -325.683   111.870  17     9.0   6.282 -29.873  8.538 -38.411  -43.712  -0.218   4.536     0.757   0.226    -150.281   -147.562   -149.286  2CrO6C15H21+3H2+2ClH+2VO2->4OH2+2CrCl+2VO6C15H21




---------------------------------------------------------------------
10 reactions with the worst weights:
---------------------------------------------------------------------
     weight      dfH  drE_corr  dn  n+|dn|       u     drH   ddrH     drE  drE_CBS  drE_CV  drE_IT  drE_TPNO  drE_SR  drE_HF_CBS  drE_HF_TZ  drE_HF_QZ                                          reaction
3  0.050051 -325.683   111.870  17     9.0   6.282 -29.873  8.538 -38.411  -43.712  -0.218   4.536     0.757   0.226    -150.281   -147.562   -149.286  2CrO6C15H21+3H2+2ClH+2VO2->4OH2+2CrCl+2VO6C15H21
1  0.224486 -327.195    73.244   6     6.0  11.700  18.702  3.818  14.884   13.528  -0.179   2.545    -1.176   0.166     -58.360    -56.952    -57.844              CrO6C15H21+H2+VO2->OH2+CrO+VO6C15H21
0  0.740971 -331.941    12.998   4     4.0  11.402   7.841 -1.120   8.961    9.088   0.544   0.034    -1.602   0.897      -4.037     -4.337     -4.146                      CrO6C15H21+VO->CrO+VO6C15H21
2  1.000000 -330.429    51.625  13     7.0   5.707 -40.734  3.600 -44.334  -48.152   0.505   2.025     0.331   0.957     -95.959    -94.947    -95.588    2CrO6C15H21+H2+2ClH+2VO->2OH2+2CrCl+2VO6C15H21




---------------------------------------------------------------------
10 reactions with the worst dHf:
---------------------------------------------------------------------
     weight      dfH  drE_corr  dn  n+|dn|       u     drH   ddrH     drE  drE_CBS  drE_CV  drE_IT  drE_TPNO  drE_SR  drE_HF_CBS  drE_HF_TZ  drE_HF_QZ                                          reaction
0  0.740971 -331.941    12.998   4     4.0  11.402   7.841 -1.120   8.961    9.088   0.544   0.034    -1.602   0.897      -4.037     -4.337     -4.146                      CrO6C15H21+VO->CrO+VO6C15H21
2  1.000000 -330.429    51.625  13     7.0   5.707 -40.734  3.600 -44.334  -48.152   0.505   2.025     0.331   0.957     -95.959    -94.947    -95.588    2CrO6C15H21+H2+2ClH+2VO->2OH2+2CrCl+2VO6C15H21
1  0.224486 -327.195    73.244   6     6.0  11.700  18.702  3.818  14.884   13.528  -0.179   2.545    -1.176   0.166     -58.360    -56.952    -57.844              CrO6C15H21+H2+VO2->OH2+CrO+VO6C15H21
3  0.050051 -325.683   111.870  17     9.0   6.282 -29.873  8.538 -38.411  -43.712  -0.218   4.536     0.757   0.226    -150.281   -147.562   -149.286  2CrO6C15H21+3H2+2ClH+2VO2->4OH2+2CrCl+2VO6C15H21
