---------------------------------------------------------------------
Results for m4_00_Cracac3-PBE0_Vacac3_tmp.all 

Average dfH = -329.68 

Uncertainty = 8.91
Computational contribution = 2.77
Experimental contribution = 8.47
---------------------------------------------------------------------
Number of reactions with all coeficients ≤  10 : 4  of  4
Parameters:
h1 = 3.64 
h2 = 78.23 

Summ of all weights = 2.0
---------------------------------------------------------------------
Average values and MSE of reaction characteristics:

                      Mean       St dev
          dfH      -329.68         1.38
     drE_corr        40.48        24.24
    n+dn_priv         5.84         1.47
          drH       -16.94        25.64
         ddrH         2.01         2.50
          drE       -18.96        27.35
      drE_CBS       -20.26        29.03
       drE_IT         1.41         1.12
       drE_CV         0.43         0.24
   drE_HF_CBS       -59.44        44.63
          u/2         4.23         1.43


---------------------------------------------------------------------
4 reactions with the best weights:
---------------------------------------------------------------------
     weight      dfH  drE_corr  dn  n+|dn|       u     drH   ddrH     drE  drE_CBS  drE_CV  drE_IT  drE_TPNO  drE_HF_CBS  drE_HF_TZ  drE_HF_QZ                                          reaction
2  1.000000 -329.472    50.668  13     7.0   5.707 -41.691  3.600 -45.291  -48.152   0.505   2.025     0.331     -95.959    -94.947    -95.588    2CrO6C15H21+H2+2ClH+2VO->2OH2+2CrCl+2VO6C15H21
0  0.735053 -331.044    12.101   4     4.0  11.402   6.944 -1.120   8.064    9.088   0.544   0.034    -1.602      -4.037     -4.337     -4.146                      CrO6C15H21+VO->CrO+VO6C15H21
1  0.220774 -327.029    73.078   6     6.0  11.700  18.536  3.818  14.718   13.528  -0.179   2.545    -1.176     -58.360    -56.952    -57.844              CrO6C15H21+H2+VO2->OH2+CrO+VO6C15H21
3  0.048828 -325.457   111.645  17     9.0   6.282 -30.099  8.538 -38.637  -43.712  -0.218   4.536     0.757    -150.282   -147.562   -149.286  2CrO6C15H21+3H2+2ClH+2VO2->4OH2+2CrCl+2VO6C15H21




---------------------------------------------------------------------
10 reactions with the worst weights:
---------------------------------------------------------------------
     weight      dfH  drE_corr  dn  n+|dn|       u     drH   ddrH     drE  drE_CBS  drE_CV  drE_IT  drE_TPNO  drE_HF_CBS  drE_HF_TZ  drE_HF_QZ                                          reaction
3  0.048828 -325.457   111.645  17     9.0   6.282 -30.099  8.538 -38.637  -43.712  -0.218   4.536     0.757    -150.282   -147.562   -149.286  2CrO6C15H21+3H2+2ClH+2VO2->4OH2+2CrCl+2VO6C15H21
1  0.220774 -327.029    73.078   6     6.0  11.700  18.536  3.818  14.718   13.528  -0.179   2.545    -1.176     -58.360    -56.952    -57.844              CrO6C15H21+H2+VO2->OH2+CrO+VO6C15H21
0  0.735053 -331.044    12.101   4     4.0  11.402   6.944 -1.120   8.064    9.088   0.544   0.034    -1.602      -4.037     -4.337     -4.146                      CrO6C15H21+VO->CrO+VO6C15H21
2  1.000000 -329.472    50.668  13     7.0   5.707 -41.691  3.600 -45.291  -48.152   0.505   2.025     0.331     -95.959    -94.947    -95.588    2CrO6C15H21+H2+2ClH+2VO->2OH2+2CrCl+2VO6C15H21




---------------------------------------------------------------------
10 reactions with the worst dHf:
---------------------------------------------------------------------
     weight      dfH  drE_corr  dn  n+|dn|       u     drH   ddrH     drE  drE_CBS  drE_CV  drE_IT  drE_TPNO  drE_HF_CBS  drE_HF_TZ  drE_HF_QZ                                          reaction
0  0.735053 -331.044    12.101   4     4.0  11.402   6.944 -1.120   8.064    9.088   0.544   0.034    -1.602      -4.037     -4.337     -4.146                      CrO6C15H21+VO->CrO+VO6C15H21
2  1.000000 -329.472    50.668  13     7.0   5.707 -41.691  3.600 -45.291  -48.152   0.505   2.025     0.331     -95.959    -94.947    -95.588    2CrO6C15H21+H2+2ClH+2VO->2OH2+2CrCl+2VO6C15H21
1  0.220774 -327.029    73.078   6     6.0  11.700  18.536  3.818  14.718   13.528  -0.179   2.545    -1.176     -58.360    -56.952    -57.844              CrO6C15H21+H2+VO2->OH2+CrO+VO6C15H21
3  0.048828 -325.457   111.645  17     9.0   6.282 -30.099  8.538 -38.637  -43.712  -0.218   4.536     0.757    -150.282   -147.562   -149.286  2CrO6C15H21+3H2+2ClH+2VO2->4OH2+2CrCl+2VO6C15H21
