---------------------------------------------------------------------
Results for m4_00_Cracac3-PBE0_Scacac3_tmp.all 

Average dfH = -330.1 

Uncertainty = 5.52
Computational contribution = 1.13
Experimental contribution = 5.4
---------------------------------------------------------------------
Number of reactions with all coeficients ≤  10 : 8  of  8
Parameters:
h1 = 2.53 
h2 = 25.52 

Summ of all weights = 1.9
---------------------------------------------------------------------
Average values and MSE of reaction characteristics:

                      Mean       St dev
          dfH      -330.10         0.56
     drE_corr        10.40        18.85
    n+dn_priv         6.93         1.10
          drH        -0.68        67.56
         ddrH        -0.14         1.66
          drE        -0.55        67.26
      drE_CBS        -0.09        68.49
       drE_IT         0.16         0.66
       drE_CV        -0.94         0.85
   drE_HF_CBS       -10.95        78.71
          u/2         2.70         0.99


---------------------------------------------------------------------
8 reactions with the best weights:
---------------------------------------------------------------------
     weight      dfH  drE_corr  dn  n+|dn|       u      drH   ddrH      drE  drE_CBS  drE_CV  drE_IT  drE_TPNO  drE_HF_CBS  drE_HF_TZ  drE_HF_QZ                                           reaction
2  1.000000 -329.909    20.985   6     6.0   4.382  -59.644  0.081  -59.725  -60.560  -0.419   0.471     0.783     -80.710    -81.682    -81.066             CrO6C15H21+ClH+ScF->FH+CrCl+ScO6C15H21
3  0.334658 -330.400    25.103   7     8.0   4.793   69.240 -0.011   69.251   69.391  -1.403   0.670     0.593      44.148     43.887     44.052          CrO6C15H21+H2+ScCl3->2ClH+CrCl+ScO6C15H21
0  0.326474 -329.515   -21.234   7     8.0   5.569   90.555  1.438   89.117   92.468  -2.564  -0.286    -0.501     110.351    109.304    109.968          CrO6C15H21+H2+CoCl3->2ClH+CrCl+CoO6C15H21
5  0.172310 -331.481   -17.582  13     7.0  10.800  -11.009 -4.639   -6.370   -3.319  -0.380  -1.521    -1.150      11.212      8.928     10.376     2CrO6C15H21+2OH2+2ScF->H2+2FH+2CrO+2ScO6C15H21
4  0.029374 -329.464    29.128   9    10.0   5.367   81.245  3.691   77.554   75.114   0.545   0.684     1.211      48.426     49.492     48.816        CrO6C15H21+H2+ClH+ScF3->3FH+CrCl+ScO6C15H21
6  0.021515 -331.036    -9.438  17    10.0  11.236  129.880 -1.029  130.909  132.355   0.584  -1.308    -0.722     140.347    140.102    140.258    2CrO6C15H21+H2+2OH2+2ScF3->6FH+2CrO+2ScO6C15H21
7  0.019580 -331.972   -13.464  17    10.0  10.973  117.875 -4.731  122.606  126.631  -1.364  -1.321    -1.340     136.070    134.497    135.494  2CrO6C15H21+H2+2OH2+2ScCl3->6ClH+2CrO+2ScO6C15H21
1  0.000100 -331.087   -59.801  17    10.0  11.334  139.190 -3.282  142.472  149.708  -2.525  -2.277    -2.434     202.273    199.914    201.410  2CrO6C15H21+H2+2OH2+2CoCl3->6ClH+2CrO+2CoO6C15H21




---------------------------------------------------------------------
10 reactions with the worst weights:
---------------------------------------------------------------------
    weight      dfH  drE_corr  dn  n+|dn|       u      drH   ddrH      drE  drE_CBS  drE_CV  drE_IT  drE_TPNO  drE_HF_CBS  drE_HF_TZ  drE_HF_QZ                                           reaction
1  0.00010 -331.087   -59.801  17    10.0  11.334  139.190 -3.282  142.472  149.708  -2.525  -2.277    -2.434     202.273    199.914    201.410  2CrO6C15H21+H2+2OH2+2CoCl3->6ClH+2CrO+2CoO6C15H21
7  0.01958 -331.972   -13.464  17    10.0  10.973  117.875 -4.731  122.606  126.631  -1.364  -1.321    -1.340     136.070    134.497    135.494  2CrO6C15H21+H2+2OH2+2ScCl3->6ClH+2CrO+2ScO6C15H21




---------------------------------------------------------------------
10 reactions with the worst dHf:
---------------------------------------------------------------------
     weight      dfH  drE_corr  dn  n+|dn|       u      drH   ddrH      drE  drE_CBS  drE_CV  drE_IT  drE_TPNO  drE_HF_CBS  drE_HF_TZ  drE_HF_QZ                                           reaction
7  0.019580 -331.972   -13.464  17    10.0  10.973  117.875 -4.731  122.606  126.631  -1.364  -1.321    -1.340     136.070    134.497    135.494  2CrO6C15H21+H2+2OH2+2ScCl3->6ClH+2CrO+2ScO6C15H21
5  0.172310 -331.481   -17.582  13     7.0  10.800  -11.009 -4.639   -6.370   -3.319  -0.380  -1.521    -1.150      11.212      8.928     10.376     2CrO6C15H21+2OH2+2ScF->H2+2FH+2CrO+2ScO6C15H21
1  0.000100 -331.087   -59.801  17    10.0  11.334  139.190 -3.282  142.472  149.708  -2.525  -2.277    -2.434     202.273    199.914    201.410  2CrO6C15H21+H2+2OH2+2CoCl3->6ClH+2CrO+2CoO6C15H21
6  0.021515 -331.036    -9.438  17    10.0  11.236  129.880 -1.029  130.909  132.355   0.584  -1.308    -0.722     140.347    140.102    140.258    2CrO6C15H21+H2+2OH2+2ScF3->6FH+2CrO+2ScO6C15H21
3  0.334658 -330.400    25.103   7     8.0   4.793   69.240 -0.011   69.251   69.391  -1.403   0.670     0.593      44.148     43.887     44.052          CrO6C15H21+H2+ScCl3->2ClH+CrCl+ScO6C15H21
2  1.000000 -329.909    20.985   6     6.0   4.382  -59.644  0.081  -59.725  -60.560  -0.419   0.471     0.783     -80.710    -81.682    -81.066             CrO6C15H21+ClH+ScF->FH+CrCl+ScO6C15H21
0  0.326474 -329.515   -21.234   7     8.0   5.569   90.555  1.438   89.117   92.468  -2.564  -0.286    -0.501     110.351    109.304    109.968          CrO6C15H21+H2+CoCl3->2ClH+CrCl+CoO6C15H21
4  0.029374 -329.464    29.128   9    10.0   5.367   81.245  3.691   77.554   75.114   0.545   0.684     1.211      48.426     49.492     48.816        CrO6C15H21+H2+ClH+ScF3->3FH+CrCl+ScO6C15H21
