---------------------------------------------------------------------
Results for m4_00_Cracac3-PBE0_Feacac_tmp.all 

Average dfH = -330.67 

Uncertainty = 8.6
Computational contribution = 3.05
Experimental contribution = 8.05
---------------------------------------------------------------------
Number of reactions with all coeficients ≤  10 : 6  of  6
Parameters:
h1 = 3.2 
h2 = 33.64 

Summ of all weights = 1.82
---------------------------------------------------------------------
Average values and MSE of reaction characteristics:

                      Mean       St dev
          dfH      -330.67         1.53
     drE_corr        23.54        16.91
    n+dn_priv         5.35         1.62
          drH        64.79        34.74
         ddrH        -2.00         1.98
          drE        66.79        35.83
      drE_CBS        67.97        37.24
       drE_IT         0.20         0.83
       drE_CV        -0.07         0.66
       drE_SR        -0.17         0.42
   drE_HF_CBS        43.25        44.38
          u/2         4.02         1.07


---------------------------------------------------------------------
6 reactions with the best weights:
---------------------------------------------------------------------
     weight      dfH  drE_corr  dn  n+|dn|       u      drH   ddrH      drE  drE_CBS  drE_CV  drE_IT  drE_TPNO  drE_SR  drE_HF_CBS  drE_HF_TZ  drE_HF_QZ                                           reaction
0  1.000000 -330.471    27.390   4     4.0   7.071   35.971 -1.150   37.121   37.172   0.286   0.585    -0.843  -0.079       9.731     11.565     10.402                   CrO6C15H21+FeCl->CrCl+FeO6C15H21
3  0.308320 -331.284    42.852  11     6.0   6.481   92.554 -0.601   93.155   93.561  -0.511   0.744    -0.717   0.078      50.303     52.222     51.005      2CrO6C15H21+H2+2FeCl2->2ClH+2CrCl+2FeO6C15H21
4  0.244309 -331.983   -11.237  13     7.0  12.142   84.546 -5.870   90.416   94.412   0.325  -1.406    -2.776  -0.139     101.653    102.175    101.844   2CrO6C15H21+2OH2+2FeCl->H2+2ClH+2CrO+2FeO6C15H21
1  0.143452 -332.796     4.226   7     8.0  11.808  141.129 -5.321  146.450  150.802  -0.472  -1.248    -2.650   0.018     142.224    142.832    142.447          CrO6C15H21+OH2+FeCl2->2ClH+CrO+FeO6C15H21
2  0.105423 -325.561    41.375   7     8.0   6.515   92.501 -0.105   92.606   94.922  -2.149   0.838     0.688  -1.693      51.231     52.085     51.543          CrO6C15H21+H2+FeCl3->2ClH+CrCl+FeO6C15H21
5  0.020440 -327.073     2.748  17    10.0  11.827  141.076 -4.825  145.901  152.161  -2.110  -1.153    -1.244  -1.753     143.153    142.696    142.985  2CrO6C15H21+H2+2OH2+2FeCl3->6ClH+2CrO+2FeO6C15H21




---------------------------------------------------------------------
10 reactions with the worst weights:
---------------------------------------------------------------------
     weight      dfH  drE_corr  dn  n+|dn|       u      drH   ddrH      drE  drE_CBS  drE_CV  drE_IT  drE_TPNO  drE_SR  drE_HF_CBS  drE_HF_TZ  drE_HF_QZ                                           reaction
5  0.020440 -327.073     2.748  17    10.0  11.827  141.076 -4.825  145.901  152.161  -2.110  -1.153    -1.244  -1.753     143.153    142.696    142.985  2CrO6C15H21+H2+2OH2+2FeCl3->6ClH+2CrO+2FeO6C15H21
2  0.105423 -325.561    41.375   7     8.0   6.515   92.501 -0.105   92.606   94.922  -2.149   0.838     0.688  -1.693      51.231     52.085     51.543          CrO6C15H21+H2+FeCl3->2ClH+CrCl+FeO6C15H21
1  0.143452 -332.796     4.226   7     8.0  11.808  141.129 -5.321  146.450  150.802  -0.472  -1.248    -2.650   0.018     142.224    142.832    142.447          CrO6C15H21+OH2+FeCl2->2ClH+CrO+FeO6C15H21
4  0.244309 -331.983   -11.237  13     7.0  12.142   84.546 -5.870   90.416   94.412   0.325  -1.406    -2.776  -0.139     101.653    102.175    101.844   2CrO6C15H21+2OH2+2FeCl->H2+2ClH+2CrO+2FeO6C15H21




---------------------------------------------------------------------
10 reactions with the worst dHf:
---------------------------------------------------------------------
     weight      dfH  drE_corr  dn  n+|dn|       u      drH   ddrH      drE  drE_CBS  drE_CV  drE_IT  drE_TPNO  drE_SR  drE_HF_CBS  drE_HF_TZ  drE_HF_QZ                                           reaction
1  0.143452 -332.796     4.226   7     8.0  11.808  141.129 -5.321  146.450  150.802  -0.472  -1.248    -2.650   0.018     142.224    142.832    142.447          CrO6C15H21+OH2+FeCl2->2ClH+CrO+FeO6C15H21
4  0.244309 -331.983   -11.237  13     7.0  12.142   84.546 -5.870   90.416   94.412   0.325  -1.406    -2.776  -0.139     101.653    102.175    101.844   2CrO6C15H21+2OH2+2FeCl->H2+2ClH+2CrO+2FeO6C15H21
3  0.308320 -331.284    42.852  11     6.0   6.481   92.554 -0.601   93.155   93.561  -0.511   0.744    -0.717   0.078      50.303     52.222     51.005      2CrO6C15H21+H2+2FeCl2->2ClH+2CrCl+2FeO6C15H21
0  1.000000 -330.471    27.390   4     4.0   7.071   35.971 -1.150   37.121   37.172   0.286   0.585    -0.843  -0.079       9.731     11.565     10.402                   CrO6C15H21+FeCl->CrCl+FeO6C15H21
5  0.020440 -327.073     2.748  17    10.0  11.827  141.076 -4.825  145.901  152.161  -2.110  -1.153    -1.244  -1.753     143.153    142.696    142.985  2CrO6C15H21+H2+2OH2+2FeCl3->6ClH+2CrO+2FeO6C15H21
2  0.105423 -325.561    41.375   7     8.0   6.515   92.501 -0.105   92.606   94.922  -2.149   0.838     0.688  -1.693      51.231     52.085     51.543          CrO6C15H21+H2+FeCl3->2ClH+CrCl+FeO6C15H21
