---------------------------------------------------------------------
Results for m4_00_Cracac3-PBE0_Mnacac_tmp.all 

Average dfH = -330.3 

Uncertainty = 6.33
Computational contribution = 2.79
Experimental contribution = 5.69
---------------------------------------------------------------------
Number of reactions with all coeficients ≤  10 : 6  of  6
Parameters:
h1 = 2.09 
h2 = 20.34 

Summ of all weights = 1.86
---------------------------------------------------------------------
Average values and MSE of reaction characteristics:

                      Mean       St dev
          dfH      -330.30         1.39
     drE_corr        -5.01         6.56
    n+dn_priv         4.92         1.00
          drH        70.12        24.63
         ddrH        -0.57         0.55
          drE        70.69        24.61
      drE_CBS        71.38        24.66
       drE_IT        -0.27         0.07
       drE_CV         1.17         0.23
       drE_SR        -0.31         0.13
   drE_HF_CBS        75.70        18.50
          u/2         2.84         0.13


---------------------------------------------------------------------
6 reactions with the best weights:
---------------------------------------------------------------------
     weight      dfH  drE_corr  dn  n+|dn|       u      drH   ddrH      drE  drE_CBS  drE_CV  drE_IT  drE_TPNO  drE_SR  drE_HF_CBS  drE_HF_TZ  drE_HF_QZ                                          reaction
0  1.000000 -331.380    -9.353   4     4.0   5.640   57.780 -1.002   58.782   59.457   1.296  -0.308    -1.320  -0.343      68.135     69.045     68.468                  CrO6C15H21+MnCl->CrCl+MnO6C15H21
3  0.492344 -328.072     5.793  11     6.0   5.438  110.642 -0.413  111.055  111.802   0.787  -0.182    -1.236  -0.116     105.262    106.412    105.683     2CrO6C15H21+H2+2MnCl2->2ClH+2CrCl+2MnO6C15H21
1  0.365571 -330.360    -7.600   6     6.0   6.129   49.107  0.395   48.712   49.353   1.348  -0.264    -1.244  -0.481      56.312     57.137     56.614            CrO6C15H21+ClH+MnF->FH+CrCl+MnO6C15H21
2  0.000596 -329.585   -32.834   7     8.0  11.270  159.218 -5.133  164.351  169.043   0.826  -2.174    -3.168  -0.176     197.185    197.022    197.125         CrO6C15H21+OH2+MnCl2->2ClH+CrO+MnO6C15H21
4  0.000214 -331.873   -46.226  13     7.0  11.619   97.683 -4.325  102.008  106.593   1.387  -2.255    -3.176  -0.541     148.234    147.747    148.056    2CrO6C15H21+2OH2+2MnF->H2+2FH+2CrO+2MnO6C15H21
5  0.000150 -332.892   -47.980  13     7.0  11.369  106.355 -5.723  112.078  116.698   1.335  -2.299    -3.253  -0.403     160.058    159.655    159.910  2CrO6C15H21+2OH2+2MnCl->H2+2ClH+2CrO+2MnO6C15H21




---------------------------------------------------------------------
10 reactions with the worst weights:
---------------------------------------------------------------------
     weight      dfH  drE_corr  dn  n+|dn|       u      drH   ddrH      drE  drE_CBS  drE_CV  drE_IT  drE_TPNO  drE_SR  drE_HF_CBS  drE_HF_TZ  drE_HF_QZ                                          reaction
5  0.000150 -332.892   -47.980  13     7.0  11.369  106.355 -5.723  112.078  116.698   1.335  -2.299    -3.253  -0.403     160.058    159.655    159.910  2CrO6C15H21+2OH2+2MnCl->H2+2ClH+2CrO+2MnO6C15H21
4  0.000214 -331.873   -46.226  13     7.0  11.619   97.683 -4.325  102.008  106.593   1.387  -2.255    -3.176  -0.541     148.234    147.747    148.056    2CrO6C15H21+2OH2+2MnF->H2+2FH+2CrO+2MnO6C15H21
2  0.000596 -329.585   -32.834   7     8.0  11.270  159.218 -5.133  164.351  169.043   0.826  -2.174    -3.168  -0.176     197.185    197.022    197.125         CrO6C15H21+OH2+MnCl2->2ClH+CrO+MnO6C15H21
1  0.365571 -330.360    -7.600   6     6.0   6.129   49.107  0.395   48.712   49.353   1.348  -0.264    -1.244  -0.481      56.312     57.137     56.614            CrO6C15H21+ClH+MnF->FH+CrCl+MnO6C15H21




---------------------------------------------------------------------
10 reactions with the worst dHf:
---------------------------------------------------------------------
     weight      dfH  drE_corr  dn  n+|dn|       u      drH   ddrH      drE  drE_CBS  drE_CV  drE_IT  drE_TPNO  drE_SR  drE_HF_CBS  drE_HF_TZ  drE_HF_QZ                                          reaction
5  0.000150 -332.892   -47.980  13     7.0  11.369  106.355 -5.723  112.078  116.698   1.335  -2.299    -3.253  -0.403     160.058    159.655    159.910  2CrO6C15H21+2OH2+2MnCl->H2+2ClH+2CrO+2MnO6C15H21
4  0.000214 -331.873   -46.226  13     7.0  11.619   97.683 -4.325  102.008  106.593   1.387  -2.255    -3.176  -0.541     148.234    147.747    148.056    2CrO6C15H21+2OH2+2MnF->H2+2FH+2CrO+2MnO6C15H21
0  1.000000 -331.380    -9.353   4     4.0   5.640   57.780 -1.002   58.782   59.457   1.296  -0.308    -1.320  -0.343      68.135     69.045     68.468                  CrO6C15H21+MnCl->CrCl+MnO6C15H21
1  0.365571 -330.360    -7.600   6     6.0   6.129   49.107  0.395   48.712   49.353   1.348  -0.264    -1.244  -0.481      56.312     57.137     56.614            CrO6C15H21+ClH+MnF->FH+CrCl+MnO6C15H21
2  0.000596 -329.585   -32.834   7     8.0  11.270  159.218 -5.133  164.351  169.043   0.826  -2.174    -3.168  -0.176     197.185    197.022    197.125         CrO6C15H21+OH2+MnCl2->2ClH+CrO+MnO6C15H21
3  0.492344 -328.072     5.793  11     6.0   5.438  110.642 -0.413  111.055  111.802   0.787  -0.182    -1.236  -0.116     105.262    106.412    105.683     2CrO6C15H21+H2+2MnCl2->2ClH+2CrCl+2MnO6C15H21
