---------------------------------------------------------------------
Results for m4_00_Cracac3-PBE0_Scacac_tmp.all 

Average dfH = -327.3 

Uncertainty = 6.92
Computational contribution = 3.05
Experimental contribution = 6.21
---------------------------------------------------------------------
Number of reactions with all coeficients ≤  10 : 6  of  6
Parameters:
h1 = 2.71 
h2 = 22.82 

Summ of all weights = 1.9
---------------------------------------------------------------------
Average values and MSE of reaction characteristics:

                      Mean       St dev
          dfH      -327.30         1.53
     drE_corr        15.23        14.34
    n+dn_priv         6.98         1.22
          drH        -6.25        64.15
         ddrH        -0.51         1.76
          drE        -5.73        64.26
      drE_CBS        -4.48        64.83
       drE_IT         0.22         0.74
       drE_CV        -0.66         0.54
       drE_SR        -1.26         0.06
   drE_HF_CBS       -20.96        66.99
          u/2         3.11         1.11


---------------------------------------------------------------------
6 reactions with the best weights:
---------------------------------------------------------------------
     weight      dfH  drE_corr  dn  n+|dn|       u      drH   ddrH      drE  drE_CBS  drE_CV  drE_IT  drE_TPNO  drE_SR  drE_HF_CBS  drE_HF_TZ  drE_HF_QZ                                           reaction
0  1.000000 -325.958    19.734   6     6.0   5.488  -60.895  0.081  -60.976  -60.560  -0.419   0.471     0.783  -1.251     -80.710    -81.682    -81.066             CrO6C15H21+ClH+ScF->FH+CrCl+ScO6C15H21
1  0.540746 -329.118    23.822   7     8.0   4.793   67.958 -0.011   67.969   69.390  -1.403   0.670     0.593  -1.281      44.147     43.887     44.052          CrO6C15H21+H2+ScCl3->2ClH+CrCl+ScO6C15H21
3  0.219381 -327.471   -18.893  13     7.0  11.294  -12.319 -4.639   -7.680   -3.318  -0.380  -1.521    -1.150  -1.311      11.213      8.928     10.376     2CrO6C15H21+2OH2+2ScF->H2+2FH+2CrO+2ScO6C15H21
2  0.055028 -328.447    28.112   9    10.0   5.367   80.228  3.691   76.537   75.114   0.545   0.684     1.211  -1.017      48.425     49.492     48.816        CrO6C15H21+H2+ClH+ScF3->3FH+CrCl+ScO6C15H21
4  0.046318 -329.960   -10.515  17    10.0  11.236  128.804 -1.029  129.833  132.355   0.584  -1.308    -0.722  -1.076     140.348    140.102    140.258    2CrO6C15H21+H2+2OH2+2ScF3->6FH+2CrO+2ScO6C15H21
5  0.039420 -330.631   -14.805  17    10.0  10.973  116.534 -4.731  121.265  126.631  -1.364  -1.321    -1.340  -1.341     136.070    134.497    135.494  2CrO6C15H21+H2+2OH2+2ScCl3->6ClH+2CrO+2ScO6C15H21




---------------------------------------------------------------------
10 reactions with the worst weights:
---------------------------------------------------------------------
     weight      dfH  drE_corr  dn  n+|dn|       u      drH   ddrH      drE  drE_CBS  drE_CV  drE_IT  drE_TPNO  drE_SR  drE_HF_CBS  drE_HF_TZ  drE_HF_QZ                                           reaction
5  0.039420 -330.631   -14.805  17    10.0  10.973  116.534 -4.731  121.265  126.631  -1.364  -1.321    -1.340  -1.341     136.070    134.497    135.494  2CrO6C15H21+H2+2OH2+2ScCl3->6ClH+2CrO+2ScO6C15H21
4  0.046318 -329.960   -10.515  17    10.0  11.236  128.804 -1.029  129.833  132.355   0.584  -1.308    -0.722  -1.076     140.348    140.102    140.258    2CrO6C15H21+H2+2OH2+2ScF3->6FH+2CrO+2ScO6C15H21
2  0.055028 -328.447    28.112   9    10.0   5.367   80.228  3.691   76.537   75.114   0.545   0.684     1.211  -1.017      48.425     49.492     48.816        CrO6C15H21+H2+ClH+ScF3->3FH+CrCl+ScO6C15H21
3  0.219381 -327.471   -18.893  13     7.0  11.294  -12.319 -4.639   -7.680   -3.318  -0.380  -1.521    -1.150  -1.311      11.213      8.928     10.376     2CrO6C15H21+2OH2+2ScF->H2+2FH+2CrO+2ScO6C15H21




---------------------------------------------------------------------
10 reactions with the worst dHf:
---------------------------------------------------------------------
     weight      dfH  drE_corr  dn  n+|dn|       u      drH   ddrH      drE  drE_CBS  drE_CV  drE_IT  drE_TPNO  drE_SR  drE_HF_CBS  drE_HF_TZ  drE_HF_QZ                                           reaction
5  0.039420 -330.631   -14.805  17    10.0  10.973  116.534 -4.731  121.265  126.631  -1.364  -1.321    -1.340  -1.341     136.070    134.497    135.494  2CrO6C15H21+H2+2OH2+2ScCl3->6ClH+2CrO+2ScO6C15H21
4  0.046318 -329.960   -10.515  17    10.0  11.236  128.804 -1.029  129.833  132.355   0.584  -1.308    -0.722  -1.076     140.348    140.102    140.258    2CrO6C15H21+H2+2OH2+2ScF3->6FH+2CrO+2ScO6C15H21
1  0.540746 -329.118    23.822   7     8.0   4.793   67.958 -0.011   67.969   69.390  -1.403   0.670     0.593  -1.281      44.147     43.887     44.052          CrO6C15H21+H2+ScCl3->2ClH+CrCl+ScO6C15H21
2  0.055028 -328.447    28.112   9    10.0   5.367   80.228  3.691   76.537   75.114   0.545   0.684     1.211  -1.017      48.425     49.492     48.816        CrO6C15H21+H2+ClH+ScF3->3FH+CrCl+ScO6C15H21
3  0.219381 -327.471   -18.893  13     7.0  11.294  -12.319 -4.639   -7.680   -3.318  -0.380  -1.521    -1.150  -1.311      11.213      8.928     10.376     2CrO6C15H21+2OH2+2ScF->H2+2FH+2CrO+2ScO6C15H21
0  1.000000 -325.958    19.734   6     6.0   5.488  -60.895  0.081  -60.976  -60.560  -0.419   0.471     0.783  -1.251     -80.710    -81.682    -81.066             CrO6C15H21+ClH+ScF->FH+CrCl+ScO6C15H21
