---------------------------------------------------------------------
Results for m4_00_Cracac3-PBE0_Feacac3_tmp.all 

Average dfH = -330.85 

Uncertainty = 8.35
Computational contribution = 2.28
Experimental contribution = 8.03
---------------------------------------------------------------------
Number of reactions with all coeficients ≤  10 : 6  of  6
Parameters:
h1 = 3.2 
h2 = 34.2 

Summ of all weights = 1.82
---------------------------------------------------------------------
Average values and MSE of reaction characteristics:

                      Mean       St dev
          dfH      -330.85         1.14
     drE_corr        23.82        16.91
    n+dn_priv         5.34         1.61
          drH        64.84        34.72
         ddrH        -1.99         1.97
          drE        66.83        35.79
      drE_CBS        67.83        37.11
       drE_IT         0.20         0.82
       drE_CV        -0.06         0.64
   drE_HF_CBS        43.01        44.16
          u/2         4.01         1.07


---------------------------------------------------------------------
6 reactions with the best weights:
---------------------------------------------------------------------
     weight      dfH  drE_corr  dn  n+|dn|       u      drH   ddrH      drE  drE_CBS  drE_CV  drE_IT  drE_TPNO  drE_HF_CBS  drE_HF_TZ  drE_HF_QZ                                           reaction
0  1.000000 -330.550    27.469   4     4.0   7.071   36.050 -1.150   37.200   37.172   0.286   0.585    -0.843       9.731     11.565     10.402                   CrO6C15H21+FeCl->CrCl+FeO6C15H21
3  0.321090 -331.206    42.775  11     6.0   6.481   92.476 -0.601   93.077   93.561  -0.511   0.744    -0.717      50.302     52.222     51.005      2CrO6C15H21+H2+2FeCl2->2ClH+2CrCl+2FeO6C15H21
4  0.241495 -332.122   -11.098  13     7.0  12.142   84.685 -5.870   90.555   94.412   0.325  -1.406    -2.776     101.653    102.175    101.844   2CrO6C15H21+2OH2+2FeCl->H2+2ClH+2CrO+2FeO6C15H21
1  0.141002 -332.778     4.208   7     8.0  11.808  141.111 -5.321  146.432  150.802  -0.472  -1.248    -2.650     142.224    142.832    142.447          CrO6C15H21+OH2+FeCl2->2ClH+CrO+FeO6C15H21
2  0.096264 -327.254    43.068   7     8.0   6.515   94.194 -0.105   94.299   94.922  -2.149   0.838     0.688      51.231     52.085     51.543          CrO6C15H21+H2+FeCl3->2ClH+CrCl+FeO6C15H21
5  0.019865 -328.826     4.501  17    10.0  11.827  142.829 -4.825  147.654  152.161  -2.110  -1.153    -1.244     143.153    142.696    142.985  2CrO6C15H21+H2+2OH2+2FeCl3->6ClH+2CrO+2FeO6C15H21




---------------------------------------------------------------------
10 reactions with the worst weights:
---------------------------------------------------------------------
     weight      dfH  drE_corr  dn  n+|dn|       u      drH   ddrH      drE  drE_CBS  drE_CV  drE_IT  drE_TPNO  drE_HF_CBS  drE_HF_TZ  drE_HF_QZ                                           reaction
5  0.019865 -328.826     4.501  17    10.0  11.827  142.829 -4.825  147.654  152.161  -2.110  -1.153    -1.244     143.153    142.696    142.985  2CrO6C15H21+H2+2OH2+2FeCl3->6ClH+2CrO+2FeO6C15H21
2  0.096264 -327.254    43.068   7     8.0   6.515   94.194 -0.105   94.299   94.922  -2.149   0.838     0.688      51.231     52.085     51.543          CrO6C15H21+H2+FeCl3->2ClH+CrCl+FeO6C15H21
1  0.141002 -332.778     4.208   7     8.0  11.808  141.111 -5.321  146.432  150.802  -0.472  -1.248    -2.650     142.224    142.832    142.447          CrO6C15H21+OH2+FeCl2->2ClH+CrO+FeO6C15H21
4  0.241495 -332.122   -11.098  13     7.0  12.142   84.685 -5.870   90.555   94.412   0.325  -1.406    -2.776     101.653    102.175    101.844   2CrO6C15H21+2OH2+2FeCl->H2+2ClH+2CrO+2FeO6C15H21




---------------------------------------------------------------------
10 reactions with the worst dHf:
---------------------------------------------------------------------
     weight      dfH  drE_corr  dn  n+|dn|       u      drH   ddrH      drE  drE_CBS  drE_CV  drE_IT  drE_TPNO  drE_HF_CBS  drE_HF_TZ  drE_HF_QZ                                           reaction
1  0.141002 -332.778     4.208   7     8.0  11.808  141.111 -5.321  146.432  150.802  -0.472  -1.248    -2.650     142.224    142.832    142.447          CrO6C15H21+OH2+FeCl2->2ClH+CrO+FeO6C15H21
4  0.241495 -332.122   -11.098  13     7.0  12.142   84.685 -5.870   90.555   94.412   0.325  -1.406    -2.776     101.653    102.175    101.844   2CrO6C15H21+2OH2+2FeCl->H2+2ClH+2CrO+2FeO6C15H21
3  0.321090 -331.206    42.775  11     6.0   6.481   92.476 -0.601   93.077   93.561  -0.511   0.744    -0.717      50.302     52.222     51.005      2CrO6C15H21+H2+2FeCl2->2ClH+2CrCl+2FeO6C15H21
0  1.000000 -330.550    27.469   4     4.0   7.071   36.050 -1.150   37.200   37.172   0.286   0.585    -0.843       9.731     11.565     10.402                   CrO6C15H21+FeCl->CrCl+FeO6C15H21
5  0.019865 -328.826     4.501  17    10.0  11.827  142.829 -4.825  147.654  152.161  -2.110  -1.153    -1.244     143.153    142.696    142.985  2CrO6C15H21+H2+2OH2+2FeCl3->6ClH+2CrO+2FeO6C15H21
2  0.096264 -327.254    43.068   7     8.0   6.515   94.194 -0.105   94.299   94.922  -2.149   0.838     0.688      51.231     52.085     51.543          CrO6C15H21+H2+FeCl3->2ClH+CrCl+FeO6C15H21
