---------------------------------------------------------------------
Results for m4_00_Cracac3-PBE0_Tiacac_tmp.all 

Average dfH = -331.7 

Uncertainty = 9.42
Computational contribution = 3.81
Experimental contribution = 8.61
---------------------------------------------------------------------
Number of reactions with all coeficients ≤  10 : 6  of  6
Parameters:
h1 = 4.87 
h2 = 65.98 

Summ of all weights = 2.05
---------------------------------------------------------------------
Average values and MSE of reaction characteristics:

                      Mean       St dev
          dfH      -331.70         1.90
     drE_corr        35.13        24.87
    n+dn_priv         6.36         1.91
          drH       -19.10        50.43
         ddrH         1.61         2.53
          drE       -20.70        51.90
      drE_CBS       -21.62        54.29
       drE_IT         1.30         1.06
       drE_CV        -0.11         1.19
       drE_SR         0.78         0.84
   drE_HF_CBS       -55.84        54.63
          u/2         4.31         1.38


---------------------------------------------------------------------
6 reactions with the best weights:
---------------------------------------------------------------------
     weight      dfH  drE_corr  dn  n+|dn|       u      drH   ddrH      drE  drE_CBS  drE_CV  drE_IT  drE_TPNO  drE_SR  drE_HF_CBS  drE_HF_TZ  drE_HF_QZ                                            reaction
3  1.000000 -331.647    41.388  13     7.0   6.316  -57.416  3.344  -60.760  -63.695   0.227   1.818    -0.145   1.035    -102.148   -102.108   -102.134    2CrO6C15H21+H2+2ClH+2TiO->2OH2+2CrCl+2TiO6C15H21
0  0.627728 -333.159     2.761   4     4.0  11.719   -8.841 -1.376   -7.465   -6.455   0.266  -0.173    -2.078   0.975     -10.226    -11.498    -10.692                      CrO6C15H21+TiO->CrO+TiO6C15H21
1  0.178911 -332.905    64.146   6     6.0  12.590   17.812  3.532   14.280   12.644   0.564   1.904    -2.166   1.334     -49.866    -49.341    -49.675              CrO6C15H21+H2+TiO2->OH2+CrO+TiO6C15H21
5  0.163878 -326.044    71.699  17    10.0   5.962  102.754 -0.090  102.844  106.994  -3.751   2.621    -1.250  -1.770      31.145     31.339     31.216      2CrO6C15H21+3H2+2TiCl4->6ClH+2CrCl+2TiO6C15H21
4  0.043631 -331.392   102.773  17     9.0   7.814  -30.764  8.252  -39.016  -44.597   0.525   3.895    -0.233   1.394    -141.789   -139.951   -141.117  2CrO6C15H21+3H2+2ClH+2TiO2->4OH2+2CrCl+2TiO6C15H21
2  0.034146 -327.556    33.072  10    12.0  11.532  151.329 -4.810  156.139  164.233  -3.712   0.630    -3.182  -1.830     123.067    121.949    122.658        CrO6C15H21+H2+OH2+TiCl4->4ClH+CrO+TiO6C15H21




---------------------------------------------------------------------
10 reactions with the worst weights:
---------------------------------------------------------------------
     weight      dfH  drE_corr  dn  n+|dn|       u      drH   ddrH      drE  drE_CBS  drE_CV  drE_IT  drE_TPNO  drE_SR  drE_HF_CBS  drE_HF_TZ  drE_HF_QZ                                            reaction
2  0.034146 -327.556    33.072  10    12.0  11.532  151.329 -4.810  156.139  164.233  -3.712   0.630    -3.182  -1.830     123.067    121.949    122.658        CrO6C15H21+H2+OH2+TiCl4->4ClH+CrO+TiO6C15H21
4  0.043631 -331.392   102.773  17     9.0   7.814  -30.764  8.252  -39.016  -44.597   0.525   3.895    -0.233   1.394    -141.789   -139.951   -141.117  2CrO6C15H21+3H2+2ClH+2TiO2->4OH2+2CrCl+2TiO6C15H21
5  0.163878 -326.044    71.699  17    10.0   5.962  102.754 -0.090  102.844  106.994  -3.751   2.621    -1.250  -1.770      31.145     31.339     31.216      2CrO6C15H21+3H2+2TiCl4->6ClH+2CrCl+2TiO6C15H21
1  0.178911 -332.905    64.146   6     6.0  12.590   17.812  3.532   14.280   12.644   0.564   1.904    -2.166   1.334     -49.866    -49.341    -49.675              CrO6C15H21+H2+TiO2->OH2+CrO+TiO6C15H21




---------------------------------------------------------------------
10 reactions with the worst dHf:
---------------------------------------------------------------------
     weight      dfH  drE_corr  dn  n+|dn|       u      drH   ddrH      drE  drE_CBS  drE_CV  drE_IT  drE_TPNO  drE_SR  drE_HF_CBS  drE_HF_TZ  drE_HF_QZ                                            reaction
0  0.627728 -333.159     2.761   4     4.0  11.719   -8.841 -1.376   -7.465   -6.455   0.266  -0.173    -2.078   0.975     -10.226    -11.498    -10.692                      CrO6C15H21+TiO->CrO+TiO6C15H21
1  0.178911 -332.905    64.146   6     6.0  12.590   17.812  3.532   14.280   12.644   0.564   1.904    -2.166   1.334     -49.866    -49.341    -49.675              CrO6C15H21+H2+TiO2->OH2+CrO+TiO6C15H21
3  1.000000 -331.647    41.388  13     7.0   6.316  -57.416  3.344  -60.760  -63.695   0.227   1.818    -0.145   1.035    -102.148   -102.108   -102.134    2CrO6C15H21+H2+2ClH+2TiO->2OH2+2CrCl+2TiO6C15H21
4  0.043631 -331.392   102.773  17     9.0   7.814  -30.764  8.252  -39.016  -44.597   0.525   3.895    -0.233   1.394    -141.789   -139.951   -141.117  2CrO6C15H21+3H2+2ClH+2TiO2->4OH2+2CrCl+2TiO6C15H21
2  0.034146 -327.556    33.072  10    12.0  11.532  151.329 -4.810  156.139  164.233  -3.712   0.630    -3.182  -1.830     123.067    121.949    122.658        CrO6C15H21+H2+OH2+TiCl4->4ClH+CrO+TiO6C15H21
5  0.163878 -326.044    71.699  17    10.0   5.962  102.754 -0.090  102.844  106.994  -3.751   2.621    -1.250  -1.770      31.145     31.339     31.216      2CrO6C15H21+3H2+2TiCl4->6ClH+2CrCl+2TiO6C15H21
