---------------------------------------------------------------------
Results for m6_00_Feacac3-PBE0_Vacac3_tmp.all 

Average dfH = -282.12 

Uncertainty = 6.58
Computational contribution = 3.01
Experimental contribution = 5.85
---------------------------------------------------------------------
Number of reactions with all coeficients ≤  10 : 6  of  6
Parameters:
h1 = 2.54 
h2 = 50.61 

Summ of all weights = 2.14
---------------------------------------------------------------------
Average values and MSE of reaction characteristics:

                      Mean       St dev
          dfH      -282.12         1.50
     drE_corr        15.81        13.61
    n+dn_priv         7.97         1.02
          drH      -112.90        27.55
         ddrH         4.52         0.99
          drE      -117.42        27.18
      drE_CBS      -120.68        27.43
       drE_IT         1.42         0.48
       drE_CV         0.92         0.79
   drE_HF_CBS      -133.23        22.32
          u/2         2.92         0.17


---------------------------------------------------------------------
6 reactions with the best weights:
---------------------------------------------------------------------
     weight      dfH  drE_corr  dn  n+|dn|      u      drH   ddrH      drE  drE_CBS  drE_CV  drE_IT  drE_TPNO  drE_HF_CBS  drE_HF_TZ  drE_HF_QZ                                          reaction
0  1.000000 -281.466     7.894   7     8.0  5.569 -134.167  4.201 -138.368 -141.713   1.016   1.281     1.048    -146.262   -147.168   -146.593           FeO6C15H21+2ClH+VO->OH2+FeCl2+VO6C15H21
2  0.770534 -282.122    23.199  13     7.0  6.246  -77.741  4.749  -82.490  -85.323   0.219   1.440     1.174    -105.689   -106.512   -105.990    2FeO6C15H21+H2+2ClH+2VO->2OH2+2FeCl+2VO6C15H21
4  0.286803 -285.418     7.600  17    10.0  5.608 -135.885  3.705 -139.590 -143.073   2.654   1.187    -0.358    -147.190   -147.032   -147.132   2FeO6C15H21+6ClH+2VO->H2+2OH2+2FeCl3+2VO6C15H21
1  0.038200 -277.451    68.870   9    10.0  6.156 -122.575  9.139 -131.714 -137.273   0.293   3.792     1.474    -200.584   -199.783   -200.291      FeO6C15H21+H2+2ClH+VO2->2OH2+FeCl2+VO6C15H21
3  0.027372 -278.107    84.176  17     9.0  6.775  -66.149  9.688  -75.837  -80.884  -0.504   3.951     1.600    -160.013   -159.127   -159.688  2FeO6C15H21+3H2+2ClH+2VO2->4OH2+2FeCl+2VO6C15H21
5  0.012998 -281.403    68.576  19    11.0  6.192 -124.293  8.643 -132.936 -138.632   1.930   3.698     0.068    -201.512   -199.647   -200.830  2FeO6C15H21+H2+6ClH+2VO2->4OH2+2FeCl3+2VO6C15H21




---------------------------------------------------------------------
10 reactions with the worst weights:
---------------------------------------------------------------------
     weight      dfH  drE_corr  dn  n+|dn|      u      drH   ddrH      drE  drE_CBS  drE_CV  drE_IT  drE_TPNO  drE_HF_CBS  drE_HF_TZ  drE_HF_QZ                                          reaction
5  0.012998 -281.403    68.576  19    11.0  6.192 -124.293  8.643 -132.936 -138.632   1.930   3.698     0.068    -201.512   -199.647   -200.830  2FeO6C15H21+H2+6ClH+2VO2->4OH2+2FeCl3+2VO6C15H21
3  0.027372 -278.107    84.176  17     9.0  6.775  -66.149  9.688  -75.837  -80.884  -0.504   3.951     1.600    -160.013   -159.127   -159.688  2FeO6C15H21+3H2+2ClH+2VO2->4OH2+2FeCl+2VO6C15H21
1  0.038200 -277.451    68.870   9    10.0  6.156 -122.575  9.139 -131.714 -137.273   0.293   3.792     1.474    -200.584   -199.783   -200.291      FeO6C15H21+H2+2ClH+VO2->2OH2+FeCl2+VO6C15H21
4  0.286803 -285.418     7.600  17    10.0  5.608 -135.885  3.705 -139.590 -143.073   2.654   1.187    -0.358    -147.190   -147.032   -147.132   2FeO6C15H21+6ClH+2VO->H2+2OH2+2FeCl3+2VO6C15H21




---------------------------------------------------------------------
10 reactions with the worst dHf:
---------------------------------------------------------------------
     weight      dfH  drE_corr  dn  n+|dn|      u      drH   ddrH      drE  drE_CBS  drE_CV  drE_IT  drE_TPNO  drE_HF_CBS  drE_HF_TZ  drE_HF_QZ                                          reaction
4  0.286803 -285.418     7.600  17    10.0  5.608 -135.885  3.705 -139.590 -143.073   2.654   1.187    -0.358    -147.190   -147.032   -147.132   2FeO6C15H21+6ClH+2VO->H2+2OH2+2FeCl3+2VO6C15H21
2  0.770534 -282.122    23.199  13     7.0  6.246  -77.741  4.749  -82.490  -85.323   0.219   1.440     1.174    -105.689   -106.512   -105.990    2FeO6C15H21+H2+2ClH+2VO->2OH2+2FeCl+2VO6C15H21
0  1.000000 -281.466     7.894   7     8.0  5.569 -134.167  4.201 -138.368 -141.713   1.016   1.281     1.048    -146.262   -147.168   -146.593           FeO6C15H21+2ClH+VO->OH2+FeCl2+VO6C15H21
5  0.012998 -281.403    68.576  19    11.0  6.192 -124.293  8.643 -132.936 -138.632   1.930   3.698     0.068    -201.512   -199.647   -200.830  2FeO6C15H21+H2+6ClH+2VO2->4OH2+2FeCl3+2VO6C15H21
3  0.027372 -278.107    84.176  17     9.0  6.775  -66.149  9.688  -75.837  -80.884  -0.504   3.951     1.600    -160.013   -159.127   -159.688  2FeO6C15H21+3H2+2ClH+2VO2->4OH2+2FeCl+2VO6C15H21
1  0.038200 -277.451    68.870   9    10.0  6.156 -122.575  9.139 -131.714 -137.273   0.293   3.792     1.474    -200.584   -199.783   -200.291      FeO6C15H21+H2+2ClH+VO2->2OH2+FeCl2+VO6C15H21
