---------------------------------------------------------------------
Results for m6_00_Feacac3-PBE0_Coacac_tmp.all 

Average dfH = -280.44 

Uncertainty = 8.26
Computational contribution = 5.42
Experimental contribution = 6.23
---------------------------------------------------------------------
Number of reactions with all coeficients ≤  10 : 3  of  3
Parameters:
h1 = 2.47 
h2 = 64.01 

Summ of all weights = 1.59
---------------------------------------------------------------------
Average values and MSE of reaction characteristics:

                      Mean       St dev
          dfH      -280.44         2.71
     drE_corr       -66.89         3.45
    n+dn_priv         4.86         1.20
          drH        -3.32        13.21
         ddrH         1.76         0.31
          drE        -5.07        13.01
      drE_CBS         1.32        13.40
       drE_IT        -1.08         0.07
       drE_CV        -1.07         0.87
       drE_SR        -3.58         0.85
   drE_HF_CBS        61.81         9.63
          u/2         3.11         0.07


---------------------------------------------------------------------
3 reactions with the best weights:
---------------------------------------------------------------------
     weight      dfH  drE_corr  dn  n+|dn|      u     drH   ddrH     drE  drE_CBS  drE_CV  drE_IT  drE_TPNO  drE_SR  drE_HF_CBS  drE_HF_TZ  drE_HF_QZ                                        reaction
0  1.000000 -282.528   -67.235   4     4.0  6.207  -6.572  1.543  -8.115   -2.454  -0.415  -1.124    -1.189  -2.933      59.120     57.218     58.424              FeO6C15H21+CoCl3->FeCl3+CoO6C15H21
2  0.500825 -276.805   -68.712  11     6.0  6.172  -6.625  2.039  -8.664   -1.093  -2.053  -1.030     0.216  -4.704      60.048     57.082     58.963  2FeO6C15H21+H2+2CoCl3->2ClH+2FeCl2+2CoO6C15H21
1  0.092255 -277.618   -53.250   7     8.0  6.789  49.958  2.588  47.370   55.296  -2.850  -0.871     0.342  -4.547     100.620     97.738     99.566       FeO6C15H21+H2+CoCl3->2ClH+FeCl+CoO6C15H21




---------------------------------------------------------------------
10 reactions with the worst weights:
---------------------------------------------------------------------
     weight      dfH  drE_corr  dn  n+|dn|      u     drH   ddrH     drE  drE_CBS  drE_CV  drE_IT  drE_TPNO  drE_SR  drE_HF_CBS  drE_HF_TZ  drE_HF_QZ                                        reaction
1  0.092255 -277.618   -53.250   7     8.0  6.789  49.958  2.588  47.370   55.296  -2.850  -0.871     0.342  -4.547     100.620     97.738     99.566       FeO6C15H21+H2+CoCl3->2ClH+FeCl+CoO6C15H21
2  0.500825 -276.805   -68.712  11     6.0  6.172  -6.625  2.039  -8.664   -1.093  -2.053  -1.030     0.216  -4.704      60.048     57.082     58.963  2FeO6C15H21+H2+2CoCl3->2ClH+2FeCl2+2CoO6C15H21
0  1.000000 -282.528   -67.235   4     4.0  6.207  -6.572  1.543  -8.115   -2.454  -0.415  -1.124    -1.189  -2.933      59.120     57.218     58.424              FeO6C15H21+CoCl3->FeCl3+CoO6C15H21




---------------------------------------------------------------------
10 reactions with the worst dHf:
---------------------------------------------------------------------
     weight      dfH  drE_corr  dn  n+|dn|      u     drH   ddrH     drE  drE_CBS  drE_CV  drE_IT  drE_TPNO  drE_SR  drE_HF_CBS  drE_HF_TZ  drE_HF_QZ                                        reaction
0  1.000000 -282.528   -67.235   4     4.0  6.207  -6.572  1.543  -8.115   -2.454  -0.415  -1.124    -1.189  -2.933      59.120     57.218     58.424              FeO6C15H21+CoCl3->FeCl3+CoO6C15H21
1  0.092255 -277.618   -53.250   7     8.0  6.789  49.958  2.588  47.370   55.296  -2.850  -0.871     0.342  -4.547     100.620     97.738     99.566       FeO6C15H21+H2+CoCl3->2ClH+FeCl+CoO6C15H21
2  0.500825 -276.805   -68.712  11     6.0  6.172  -6.625  2.039  -8.664   -1.093  -2.053  -1.030     0.216  -4.704      60.048     57.082     58.963  2FeO6C15H21+H2+2CoCl3->2ClH+2FeCl2+2CoO6C15H21
