---------------------------------------------------------------------
Results for m6_00_Feacac3-PBE0_Cracac_tmp.all 

Average dfH = -282.54 

Uncertainty = 6.95
Computational contribution = 3.01
Experimental contribution = 6.26
---------------------------------------------------------------------
Number of reactions with all coeficients ≤  10 : 6  of  6
Parameters:
h1 = 3.09 
h2 = 35.24 

Summ of all weights = 1.74
---------------------------------------------------------------------
Average values and MSE of reaction characteristics:

                      Mean       St dev
          dfH      -282.54         1.50
     drE_corr       -26.70        15.16
    n+dn_priv         5.20         1.52
          drH       -62.03        32.43
         ddrH         1.63         1.70
          drE       -63.66        33.17
      drE_CBS       -64.55        34.31
       drE_IT        -0.35         0.71
       drE_CV         0.09         0.67
       drE_SR         0.16         0.43
   drE_HF_CBS       -36.96        38.66
          u/2         3.13         1.05


---------------------------------------------------------------------
6 reactions with the best weights:
---------------------------------------------------------------------
     weight      dfH  drE_corr  dn  n+|dn|       u      drH   ddrH      drE  drE_CBS  drE_CV  drE_IT  drE_TPNO  drE_SR  drE_HF_CBS  drE_HF_TZ  drE_HF_QZ                                           reaction
0  1.000000 -282.629   -27.390   4     4.0   5.640  -35.971  1.150  -37.121  -37.172  -0.286  -0.585     0.843   0.079      -9.731    -11.565    -10.402                   FeO6C15H21+CrCl->FeCl+CrO6C15H21
3  0.366367 -281.816   -42.852  11     6.0   4.880  -92.554  0.601  -93.155  -93.561   0.511  -0.744     0.717  -0.078     -50.303    -52.222    -51.005      2FeO6C15H21+2ClH+2CrCl->H2+2FeCl2+2CrO6C15H21
4  0.158385 -281.117    11.237  13     7.0  11.369  -84.546  5.870  -90.416  -94.412  -0.325   1.406     2.776   0.139    -101.653   -102.175   -101.844   2FeO6C15H21+H2+2ClH+2CrO->2OH2+2FeCl+2CrO6C15H21
2  0.113116 -287.539   -41.375   7     8.0   4.924  -92.501  0.105  -92.606  -94.922   2.149  -0.838    -0.688   1.693     -51.231    -52.085    -51.543          FeO6C15H21+2ClH+CrCl->H2+FeCl3+CrO6C15H21
1  0.088483 -280.304    -4.226   7     8.0  11.011 -141.129  5.321 -146.450 -150.802   0.472   1.248     2.650  -0.018    -142.224   -142.832   -142.447          FeO6C15H21+2ClH+CrO->OH2+FeCl2+CrO6C15H21
5  0.010933 -286.027    -2.748  17    10.0  11.031 -141.076  4.825 -145.901 -152.161   2.110   1.153     1.244   1.753    -143.153   -142.696   -142.985  2FeO6C15H21+6ClH+2CrO->H2+2OH2+2FeCl3+2CrO6C15H21




---------------------------------------------------------------------
10 reactions with the worst weights:
---------------------------------------------------------------------
     weight      dfH  drE_corr  dn  n+|dn|       u      drH   ddrH      drE  drE_CBS  drE_CV  drE_IT  drE_TPNO  drE_SR  drE_HF_CBS  drE_HF_TZ  drE_HF_QZ                                           reaction
5  0.010933 -286.027    -2.748  17    10.0  11.031 -141.076  4.825 -145.901 -152.161   2.110   1.153     1.244   1.753    -143.153   -142.696   -142.985  2FeO6C15H21+6ClH+2CrO->H2+2OH2+2FeCl3+2CrO6C15H21
1  0.088483 -280.304    -4.226   7     8.0  11.011 -141.129  5.321 -146.450 -150.802   0.472   1.248     2.650  -0.018    -142.224   -142.832   -142.447          FeO6C15H21+2ClH+CrO->OH2+FeCl2+CrO6C15H21
2  0.113116 -287.539   -41.375   7     8.0   4.924  -92.501  0.105  -92.606  -94.922   2.149  -0.838    -0.688   1.693     -51.231    -52.085    -51.543          FeO6C15H21+2ClH+CrCl->H2+FeCl3+CrO6C15H21
4  0.158385 -281.117    11.237  13     7.0  11.369  -84.546  5.870  -90.416  -94.412  -0.325   1.406     2.776   0.139    -101.653   -102.175   -101.844   2FeO6C15H21+H2+2ClH+2CrO->2OH2+2FeCl+2CrO6C15H21




---------------------------------------------------------------------
10 reactions with the worst dHf:
---------------------------------------------------------------------
     weight      dfH  drE_corr  dn  n+|dn|       u      drH   ddrH      drE  drE_CBS  drE_CV  drE_IT  drE_TPNO  drE_SR  drE_HF_CBS  drE_HF_TZ  drE_HF_QZ                                           reaction
2  0.113116 -287.539   -41.375   7     8.0   4.924  -92.501  0.105  -92.606  -94.922   2.149  -0.838    -0.688   1.693     -51.231    -52.085    -51.543          FeO6C15H21+2ClH+CrCl->H2+FeCl3+CrO6C15H21
5  0.010933 -286.027    -2.748  17    10.0  11.031 -141.076  4.825 -145.901 -152.161   2.110   1.153     1.244   1.753    -143.153   -142.696   -142.985  2FeO6C15H21+6ClH+2CrO->H2+2OH2+2FeCl3+2CrO6C15H21
0  1.000000 -282.629   -27.390   4     4.0   5.640  -35.971  1.150  -37.121  -37.172  -0.286  -0.585     0.843   0.079      -9.731    -11.565    -10.402                   FeO6C15H21+CrCl->FeCl+CrO6C15H21
3  0.366367 -281.816   -42.852  11     6.0   4.880  -92.554  0.601  -93.155  -93.561   0.511  -0.744     0.717  -0.078     -50.303    -52.222    -51.005      2FeO6C15H21+2ClH+2CrCl->H2+2FeCl2+2CrO6C15H21
4  0.158385 -281.117    11.237  13     7.0  11.369  -84.546  5.870  -90.416  -94.412  -0.325   1.406     2.776   0.139    -101.653   -102.175   -101.844   2FeO6C15H21+H2+2ClH+2CrO->2OH2+2FeCl+2CrO6C15H21
1  0.088483 -280.304    -4.226   7     8.0  11.011 -141.129  5.321 -146.450 -150.802   0.472   1.248     2.650  -0.018    -142.224   -142.832   -142.447          FeO6C15H21+2ClH+CrO->OH2+FeCl2+CrO6C15H21
