---------------------------------------------------------------------
Results for m6_00_Feacac3-PBE0_Scacac3_tmp.all 

Average dfH = -283.29 

Uncertainty = 5.87
Computational contribution = 3.07
Experimental contribution = 5.01
---------------------------------------------------------------------
Number of reactions with all coeficients ≤  10 : 9  of  9
Parameters:
h1 = 4.43 
h2 = 16.17 

Summ of all weights = 3.04
---------------------------------------------------------------------
Average values and MSE of reaction characteristics:

                      Mean       St dev
          dfH      -283.29         1.54
     drE_corr       -10.25         7.12
    n+dn_priv         6.69         1.82
          drH       -41.35        57.83
         ddrH         1.29         1.25
          drE       -42.64        57.46
      drE_CBS       -43.42        57.61
       drE_IT        -0.08         0.11
       drE_CV        -0.36         1.04
   drE_HF_CBS       -32.38        55.63
          u/2         2.50         0.20


---------------------------------------------------------------------
9 reactions with the best weights:
---------------------------------------------------------------------
     weight      dfH  drE_corr  dn  n+|dn|      u      drH   ddrH      drE  drE_CBS  drE_CV  drE_IT  drE_TPNO  drE_HF_CBS  drE_HF_TZ  drE_HF_QZ                                           reaction
1  1.000000 -282.559    -6.484   6     6.0  5.064  -95.694  1.231  -96.925  -97.732  -0.705  -0.114     1.626     -90.441    -93.247    -91.468             FeO6C15H21+ClH+ScF->FH+FeCl+ScO6C15H21
2  0.543730 -283.050    -2.366   7     8.0  5.423   33.190  1.139   32.051   32.219  -1.689   0.085     1.436      34.417     32.321     33.650          FeO6C15H21+H2+ScCl3->2ClH+FeCl+ScO6C15H21
0  0.491925 -286.346   -17.965   4     4.0  4.674  -24.954  0.094  -25.048  -25.530   0.746  -0.168    -0.096      -7.083     -8.199     -7.492                 FeO6C15H21+ScCl3->FeCl3+ScO6C15H21
6  0.426115 -282.394   -17.671  11     6.0  4.627  -23.236  0.591  -23.827  -24.172  -0.892  -0.073     1.310      -6.156     -8.335     -6.953     2FeO6C15H21+H2+2ScCl3->2ClH+2FeCl2+2ScO6C15H21
4  0.165513 -282.114     1.659   9    10.0  5.936   45.195  4.841   40.354   37.942   0.259   0.099     2.054      38.695     37.927     38.414        FeO6C15H21+H2+ClH+ScF3->3FH+FeCl+ScO6C15H21
7  0.150651 -281.903   -21.790  15     8.0  4.200 -152.120  0.683 -152.803 -154.122   0.092  -0.273     1.500    -131.013   -133.903   -132.071   2FeO6C15H21+4ClH+2ScF->H2+2FH+2FeCl2+2ScO6C15H21
8  0.106145 -281.458   -13.646  19    10.0  5.219  -11.231  4.292  -15.523  -18.447   1.056  -0.060     1.928      -1.877     -2.729     -2.189  2FeO6C15H21+H2+4ClH+2ScF3->6FH+2FeCl2+2ScO6C15H21
5  0.101267 -285.410   -13.940  10    10.0  5.261  -12.949  3.796  -16.745  -19.806   2.694  -0.155     0.522      -2.805     -2.593     -2.728         FeO6C15H21+3ClH+ScF3->3FH+FeCl3+ScO6C15H21
3  0.050485 -285.855   -22.083   9    10.0  4.252 -153.838  0.186 -154.024 -155.481   1.730  -0.367     0.094    -131.941   -133.767   -132.609        FeO6C15H21+3ClH+ScF->H2+FH+FeCl3+ScO6C15H21




---------------------------------------------------------------------
10 reactions with the worst weights:
---------------------------------------------------------------------
     weight      dfH  drE_corr  dn  n+|dn|      u      drH   ddrH      drE  drE_CBS  drE_CV  drE_IT  drE_TPNO  drE_HF_CBS  drE_HF_TZ  drE_HF_QZ                                     reaction
3  0.050485 -285.855   -22.083   9    10.0  4.252 -153.838  0.186 -154.024 -155.481    1.73  -0.367     0.094    -131.941   -133.767   -132.609  FeO6C15H21+3ClH+ScF->H2+FH+FeCl3+ScO6C15H21




---------------------------------------------------------------------
10 reactions with the worst dHf:
---------------------------------------------------------------------
     weight      dfH  drE_corr  dn  n+|dn|      u      drH   ddrH      drE  drE_CBS  drE_CV  drE_IT  drE_TPNO  drE_HF_CBS  drE_HF_TZ  drE_HF_QZ                                           reaction
0  0.491925 -286.346   -17.965   4     4.0  4.674  -24.954  0.094  -25.048  -25.530   0.746  -0.168    -0.096      -7.083     -8.199     -7.492                 FeO6C15H21+ScCl3->FeCl3+ScO6C15H21
3  0.050485 -285.855   -22.083   9    10.0  4.252 -153.838  0.186 -154.024 -155.481   1.730  -0.367     0.094    -131.941   -133.767   -132.609        FeO6C15H21+3ClH+ScF->H2+FH+FeCl3+ScO6C15H21
5  0.101267 -285.410   -13.940  10    10.0  5.261  -12.949  3.796  -16.745  -19.806   2.694  -0.155     0.522      -2.805     -2.593     -2.728         FeO6C15H21+3ClH+ScF3->3FH+FeCl3+ScO6C15H21
2  0.543730 -283.050    -2.366   7     8.0  5.423   33.190  1.139   32.051   32.219  -1.689   0.085     1.436      34.417     32.321     33.650          FeO6C15H21+H2+ScCl3->2ClH+FeCl+ScO6C15H21
1  1.000000 -282.559    -6.484   6     6.0  5.064  -95.694  1.231  -96.925  -97.732  -0.705  -0.114     1.626     -90.441    -93.247    -91.468             FeO6C15H21+ClH+ScF->FH+FeCl+ScO6C15H21
6  0.426115 -282.394   -17.671  11     6.0  4.627  -23.236  0.591  -23.827  -24.172  -0.892  -0.073     1.310      -6.156     -8.335     -6.953     2FeO6C15H21+H2+2ScCl3->2ClH+2FeCl2+2ScO6C15H21
4  0.165513 -282.114     1.659   9    10.0  5.936   45.195  4.841   40.354   37.942   0.259   0.099     2.054      38.695     37.927     38.414        FeO6C15H21+H2+ClH+ScF3->3FH+FeCl+ScO6C15H21
7  0.150651 -281.903   -21.790  15     8.0  4.200 -152.120  0.683 -152.803 -154.122   0.092  -0.273     1.500    -131.013   -133.903   -132.071   2FeO6C15H21+4ClH+2ScF->H2+2FH+2FeCl2+2ScO6C15H21
8  0.106145 -281.458   -13.646  19    10.0  5.219  -11.231  4.292  -15.523  -18.447   1.056  -0.060     1.928      -1.877     -2.729     -2.189  2FeO6C15H21+H2+4ClH+2ScF3->6FH+2FeCl2+2ScO6C15H21
