---------------------------------------------------------------------
Results for m6_00_Feacac3-PBE0_Coacac3_tmp.all 

Average dfH = -283.99 

Uncertainty = 6.65
Computational contribution = 3.76
Experimental contribution = 5.49
---------------------------------------------------------------------
Number of reactions with all coeficients ≤  10 : 3  of  3
Parameters:
h1 = 2.45 
h2 = 60.18 

Summ of all weights = 1.61
---------------------------------------------------------------------
Average values and MSE of reaction characteristics:

                      Mean       St dev
          dfH      -283.99         1.88
     drE_corr       -63.34         3.55
    n+dn_priv         4.87         1.19
          drH         0.14        13.19
         ddrH         1.76         0.30
          drE        -1.62        12.98
      drE_CBS         1.19        13.12
       drE_IT        -1.08         0.07
       drE_CV        -1.08         0.87
   drE_HF_CBS        61.72         9.43
          u/2         2.75         0.08


---------------------------------------------------------------------
3 reactions with the best weights:
---------------------------------------------------------------------
     weight      dfH  drE_corr  dn  n+|dn|      u     drH   ddrH     drE  drE_CBS  drE_CV  drE_IT  drE_TPNO  drE_HF_CBS  drE_HF_TZ  drE_HF_QZ                                        reaction
0  1.000000 -285.461   -64.302   4     4.0  5.467  -3.639  1.543  -5.182   -2.454  -0.415  -1.124    -1.189      59.120     57.218     58.424              FeO6C15H21+CoCl3->FeCl3+CoO6C15H21
2  0.525433 -281.509   -64.008  11     6.0  5.427  -1.921  2.039  -3.960   -1.093  -2.053  -1.030     0.216      60.048     57.082     58.963  2FeO6C15H21+H2+2CoCl3->2ClH+2FeCl2+2CoO6C15H21
1  0.089510 -282.165   -48.703   7     8.0  6.120  54.505  2.588  51.917   55.296  -2.850  -0.871     0.342     100.620     97.738     99.566       FeO6C15H21+H2+CoCl3->2ClH+FeCl+CoO6C15H21




---------------------------------------------------------------------
10 reactions with the worst weights:
---------------------------------------------------------------------
     weight      dfH  drE_corr  dn  n+|dn|      u     drH   ddrH     drE  drE_CBS  drE_CV  drE_IT  drE_TPNO  drE_HF_CBS  drE_HF_TZ  drE_HF_QZ                                        reaction
1  0.089510 -282.165   -48.703   7     8.0  6.120  54.505  2.588  51.917   55.296  -2.850  -0.871     0.342     100.620     97.738     99.566       FeO6C15H21+H2+CoCl3->2ClH+FeCl+CoO6C15H21
2  0.525433 -281.509   -64.008  11     6.0  5.427  -1.921  2.039  -3.960   -1.093  -2.053  -1.030     0.216      60.048     57.082     58.963  2FeO6C15H21+H2+2CoCl3->2ClH+2FeCl2+2CoO6C15H21
0  1.000000 -285.461   -64.302   4     4.0  5.467  -3.639  1.543  -5.182   -2.454  -0.415  -1.124    -1.189      59.120     57.218     58.424              FeO6C15H21+CoCl3->FeCl3+CoO6C15H21




---------------------------------------------------------------------
10 reactions with the worst dHf:
---------------------------------------------------------------------
     weight      dfH  drE_corr  dn  n+|dn|      u     drH   ddrH     drE  drE_CBS  drE_CV  drE_IT  drE_TPNO  drE_HF_CBS  drE_HF_TZ  drE_HF_QZ                                        reaction
0  1.000000 -285.461   -64.302   4     4.0  5.467  -3.639  1.543  -5.182   -2.454  -0.415  -1.124    -1.189      59.120     57.218     58.424              FeO6C15H21+CoCl3->FeCl3+CoO6C15H21
1  0.089510 -282.165   -48.703   7     8.0  6.120  54.505  2.588  51.917   55.296  -2.850  -0.871     0.342     100.620     97.738     99.566       FeO6C15H21+H2+CoCl3->2ClH+FeCl+CoO6C15H21
2  0.525433 -281.509   -64.008  11     6.0  5.427  -1.921  2.039  -3.960   -1.093  -2.053  -1.030     0.216      60.048     57.082     58.963  2FeO6C15H21+H2+2CoCl3->2ClH+2FeCl2+2CoO6C15H21
