---------------------------------------------------------------------
Results for m6_00_Feacac3-PBE0_Vacac_tmp.all 

Average dfH = -283.26 

Uncertainty = 7.2
Computational contribution = 4.19
Experimental contribution = 5.85
---------------------------------------------------------------------
Number of reactions with all coeficients ≤  10 : 6  of  6
Parameters:
h1 = 2.54 
h2 = 51.32 

Summ of all weights = 2.13
---------------------------------------------------------------------
Average values and MSE of reaction characteristics:

                      Mean       St dev
          dfH      -283.26         2.10
     drE_corr        17.05        13.66
    n+dn_priv         7.98         1.02
          drH      -111.78        27.42
         ddrH         4.53         1.01
          drE      -116.30        27.05
      drE_CBS      -120.72        27.42
       drE_IT         1.42         0.49
       drE_CV         0.92         0.79
       drE_SR         1.16         0.61
   drE_HF_CBS      -133.35        22.37
          u/2         2.92         0.17


---------------------------------------------------------------------
6 reactions with the best weights:
---------------------------------------------------------------------
     weight      dfH  drE_corr  dn  n+|dn|      u      drH   ddrH      drE  drE_CBS  drE_CV  drE_IT  drE_TPNO  drE_SR  drE_HF_CBS  drE_HF_TZ  drE_HF_QZ                                          reaction
0  1.000000 -282.345     8.772   7     8.0  5.569 -133.288  4.201 -137.489 -141.713   1.016   1.281     1.048   0.879    -146.261   -147.168   -146.593           FeO6C15H21+2ClH+VO->OH2+FeCl2+VO6C15H21
2  0.764392 -283.158    24.235  13     7.0  6.246  -76.705  4.749  -81.454  -85.323   0.219   1.440     1.174   1.036    -105.689   -106.512   -105.990    2FeO6C15H21+H2+2ClH+2VO->2OH2+2FeCl+2VO6C15H21
4  0.283253 -288.068    10.250  17    10.0  5.608 -133.235  3.705 -136.940 -143.073   2.654   1.187    -0.358   2.650    -147.190   -147.032   -147.132   2FeO6C15H21+6ClH+2VO->H2+2OH2+2FeCl3+2VO6C15H21
1  0.040078 -277.599    69.018   9    10.0  6.156 -122.427  9.139 -131.566 -137.273   0.293   3.792     1.474   0.148    -200.584   -199.783   -200.291      FeO6C15H21+H2+2ClH+VO2->2OH2+FeCl2+VO6C15H21
3  0.029105 -278.412    84.480  17     9.0  6.775  -65.844  9.688  -75.532  -80.884  -0.504   3.951     1.600   0.305    -160.012   -159.127   -159.688  2FeO6C15H21+3H2+2ClH+2VO2->4OH2+2FeCl+2VO6C15H21
5  0.012413 -283.322    70.495  19    11.0  6.192 -122.374  8.643 -131.017 -138.632   1.930   3.698     0.068   1.919    -201.512   -199.647   -200.830  2FeO6C15H21+H2+6ClH+2VO2->4OH2+2FeCl3+2VO6C15H21




---------------------------------------------------------------------
10 reactions with the worst weights:
---------------------------------------------------------------------
     weight      dfH  drE_corr  dn  n+|dn|      u      drH   ddrH      drE  drE_CBS  drE_CV  drE_IT  drE_TPNO  drE_SR  drE_HF_CBS  drE_HF_TZ  drE_HF_QZ                                          reaction
5  0.012413 -283.322    70.495  19    11.0  6.192 -122.374  8.643 -131.017 -138.632   1.930   3.698     0.068   1.919    -201.512   -199.647   -200.830  2FeO6C15H21+H2+6ClH+2VO2->4OH2+2FeCl3+2VO6C15H21
3  0.029105 -278.412    84.480  17     9.0  6.775  -65.844  9.688  -75.532  -80.884  -0.504   3.951     1.600   0.305    -160.012   -159.127   -159.688  2FeO6C15H21+3H2+2ClH+2VO2->4OH2+2FeCl+2VO6C15H21
1  0.040078 -277.599    69.018   9    10.0  6.156 -122.427  9.139 -131.566 -137.273   0.293   3.792     1.474   0.148    -200.584   -199.783   -200.291      FeO6C15H21+H2+2ClH+VO2->2OH2+FeCl2+VO6C15H21
4  0.283253 -288.068    10.250  17    10.0  5.608 -133.235  3.705 -136.940 -143.073   2.654   1.187    -0.358   2.650    -147.190   -147.032   -147.132   2FeO6C15H21+6ClH+2VO->H2+2OH2+2FeCl3+2VO6C15H21




---------------------------------------------------------------------
10 reactions with the worst dHf:
---------------------------------------------------------------------
     weight      dfH  drE_corr  dn  n+|dn|      u      drH   ddrH      drE  drE_CBS  drE_CV  drE_IT  drE_TPNO  drE_SR  drE_HF_CBS  drE_HF_TZ  drE_HF_QZ                                          reaction
4  0.283253 -288.068    10.250  17    10.0  5.608 -133.235  3.705 -136.940 -143.073   2.654   1.187    -0.358   2.650    -147.190   -147.032   -147.132   2FeO6C15H21+6ClH+2VO->H2+2OH2+2FeCl3+2VO6C15H21
5  0.012413 -283.322    70.495  19    11.0  6.192 -122.374  8.643 -131.017 -138.632   1.930   3.698     0.068   1.919    -201.512   -199.647   -200.830  2FeO6C15H21+H2+6ClH+2VO2->4OH2+2FeCl3+2VO6C15H21
2  0.764392 -283.158    24.235  13     7.0  6.246  -76.705  4.749  -81.454  -85.323   0.219   1.440     1.174   1.036    -105.689   -106.512   -105.990    2FeO6C15H21+H2+2ClH+2VO->2OH2+2FeCl+2VO6C15H21
0  1.000000 -282.345     8.772   7     8.0  5.569 -133.288  4.201 -137.489 -141.713   1.016   1.281     1.048   0.879    -146.261   -147.168   -146.593           FeO6C15H21+2ClH+VO->OH2+FeCl2+VO6C15H21
3  0.029105 -278.412    84.480  17     9.0  6.775  -65.844  9.688  -75.532  -80.884  -0.504   3.951     1.600   0.305    -160.012   -159.127   -159.688  2FeO6C15H21+3H2+2ClH+2VO2->4OH2+2FeCl+2VO6C15H21
1  0.040078 -277.599    69.018   9    10.0  6.156 -122.427  9.139 -131.566 -137.273   0.293   3.792     1.474   0.148    -200.584   -199.783   -200.291      FeO6C15H21+H2+2ClH+VO2->2OH2+FeCl2+VO6C15H21
