---------------------------------------------------------------------
Results for m6_00_Feacac3-PBE0_Mnacac_tmp.all 

Average dfH = -282.61 

Uncertainty = 7.36
Computational contribution = 4.56
Experimental contribution = 5.78
---------------------------------------------------------------------
Number of reactions with all coeficients ≤  10 : 9  of  9
Parameters:
h1 = 3.01 
h2 = 42.3 

Summ of all weights = 4.12
---------------------------------------------------------------------
Average values and MSE of reaction characteristics:

                      Mean       St dev
          dfH      -282.61         2.28
     drE_corr       -34.96         8.18
    n+dn_priv         5.24         1.13
          drH        23.87        30.49
         ddrH         0.31         0.58
          drE        23.56        30.27
      drE_CBS        23.69        30.53
       drE_IT        -0.91         0.10
       drE_CV         1.42         0.83
       drE_SR         0.10         0.70
   drE_HF_CBS        58.52        22.24
          u/2         2.89         0.23


---------------------------------------------------------------------
9 reactions with the best weights:
---------------------------------------------------------------------
     weight      dfH  drE_corr  dn  n+|dn|      u     drH   ddrH     drE  drE_CBS  drE_CV  drE_IT  drE_TPNO  drE_SR  drE_HF_CBS  drE_HF_TZ  drE_HF_QZ                                          reaction
0  1.000000 -279.988   -37.059   4     4.0  5.292  18.088  0.188  17.900   18.240   1.298  -0.926    -0.518  -0.194      54.959     54.190     54.678                FeO6C15H21+MnCl2->FeCl2+MnO6C15H21
7  0.829841 -280.802   -21.597  11     6.0  6.001  74.672  0.737  73.935   74.630   0.501  -0.767    -0.392  -0.037      95.532     94.847     95.281     2FeO6C15H21+H2+2MnCl2->2ClH+2FeCl+2MnO6C15H21
1  0.741689 -284.109   -36.743   4     4.0  6.185  21.809  0.147  21.662   22.286   1.010  -0.893    -0.477  -0.264      58.405     57.480     58.066                  FeO6C15H21+MnCl->FeCl+MnO6C15H21
6  0.671750 -285.712   -35.582  11     6.0  5.334  18.142 -0.308  18.450   16.883   2.935  -1.021    -1.924   1.577      54.032     54.326     54.139    2FeO6C15H21+2ClH+2MnCl2->H2+2FeCl3+2MnO6C15H21
2  0.444552 -283.090   -34.989   6     6.0  6.634  13.137  1.545  11.592   12.181   1.062  -0.849    -0.400  -0.402      46.581     45.572     46.212            FeO6C15H21+ClH+MnF->FH+FeCl+MnO6C15H21
5  0.279462 -283.296   -52.205  11     6.0  5.500 -34.774 -0.401 -34.373  -34.105   1.807  -1.051    -0.603  -0.421      17.832     16.823     17.463     2FeO6C15H21+2ClH+2MnCl->H2+2FeCl2+2MnO6C15H21
3  0.079619 -289.019   -50.728   7     8.0  5.540 -34.721 -0.898 -33.823  -35.463   3.445  -1.146    -2.009   1.350      16.905     16.960     16.925         FeO6C15H21+2ClH+MnCl->H2+FeCl3+MnO6C15H21
8  0.068924 -282.276   -50.452  15     8.0  6.001 -43.447  0.996 -44.443  -44.208   1.859  -1.008    -0.527  -0.559       6.009      4.916      5.609  2FeO6C15H21+4ClH+2MnF->H2+2FH+2FeCl2+2MnO6C15H21
4  0.008109 -288.000   -48.974   9    10.0  6.037 -43.393  0.500 -43.893  -45.568   3.497  -1.102    -1.932   1.212       5.081      5.052      5.071       FeO6C15H21+3ClH+MnF->H2+FH+FeCl3+MnO6C15H21




---------------------------------------------------------------------
10 reactions with the worst weights:
---------------------------------------------------------------------
     weight    dfH  drE_corr  dn  n+|dn|      u     drH  ddrH     drE  drE_CBS  drE_CV  drE_IT  drE_TPNO  drE_SR  drE_HF_CBS  drE_HF_TZ  drE_HF_QZ                                     reaction
4  0.008109 -288.0   -48.974   9    10.0  6.037 -43.393   0.5 -43.893  -45.568   3.497  -1.102    -1.932   1.212       5.081      5.052      5.071  FeO6C15H21+3ClH+MnF->H2+FH+FeCl3+MnO6C15H21




---------------------------------------------------------------------
10 reactions with the worst dHf:
---------------------------------------------------------------------
     weight      dfH  drE_corr  dn  n+|dn|      u     drH   ddrH     drE  drE_CBS  drE_CV  drE_IT  drE_TPNO  drE_SR  drE_HF_CBS  drE_HF_TZ  drE_HF_QZ                                          reaction
3  0.079619 -289.019   -50.728   7     8.0  5.540 -34.721 -0.898 -33.823  -35.463   3.445  -1.146    -2.009   1.350      16.905     16.960     16.925         FeO6C15H21+2ClH+MnCl->H2+FeCl3+MnO6C15H21
4  0.008109 -288.000   -48.974   9    10.0  6.037 -43.393  0.500 -43.893  -45.568   3.497  -1.102    -1.932   1.212       5.081      5.052      5.071       FeO6C15H21+3ClH+MnF->H2+FH+FeCl3+MnO6C15H21
6  0.671750 -285.712   -35.582  11     6.0  5.334  18.142 -0.308  18.450   16.883   2.935  -1.021    -1.924   1.577      54.032     54.326     54.139    2FeO6C15H21+2ClH+2MnCl2->H2+2FeCl3+2MnO6C15H21
1  0.741689 -284.109   -36.743   4     4.0  6.185  21.809  0.147  21.662   22.286   1.010  -0.893    -0.477  -0.264      58.405     57.480     58.066                  FeO6C15H21+MnCl->FeCl+MnO6C15H21
5  0.279462 -283.296   -52.205  11     6.0  5.500 -34.774 -0.401 -34.373  -34.105   1.807  -1.051    -0.603  -0.421      17.832     16.823     17.463     2FeO6C15H21+2ClH+2MnCl->H2+2FeCl2+2MnO6C15H21
2  0.444552 -283.090   -34.989   6     6.0  6.634  13.137  1.545  11.592   12.181   1.062  -0.849    -0.400  -0.402      46.581     45.572     46.212            FeO6C15H21+ClH+MnF->FH+FeCl+MnO6C15H21
8  0.068924 -282.276   -50.452  15     8.0  6.001 -43.447  0.996 -44.443  -44.208   1.859  -1.008    -0.527  -0.559       6.009      4.916      5.609  2FeO6C15H21+4ClH+2MnF->H2+2FH+2FeCl2+2MnO6C15H21
7  0.829841 -280.802   -21.597  11     6.0  6.001  74.672  0.737  73.935   74.630   0.501  -0.767    -0.392  -0.037      95.532     94.847     95.281     2FeO6C15H21+H2+2MnCl2->2ClH+2FeCl+2MnO6C15H21
0  1.000000 -279.988   -37.059   4     4.0  5.292  18.088  0.188  17.900   18.240   1.298  -0.926    -0.518  -0.194      54.959     54.190     54.678                FeO6C15H21+MnCl2->FeCl2+MnO6C15H21
