---------------------------------------------------------------------
Results for m6_00_Feacac3-PBE0_Tiacac_tmp.all 

Average dfH = -283.19 

Uncertainty = 8.37
Computational contribution = 5.59
Experimental contribution = 6.23
---------------------------------------------------------------------
Number of reactions with all coeficients ≤  10 : 9  of  9
Parameters:
h1 = 3.02 
h2 = 38.95 

Summ of all weights = 3.92
---------------------------------------------------------------------
Average values and MSE of reaction characteristics:

                      Mean       St dev
          dfH      -283.19         2.79
     drE_corr        16.38        14.20
    n+dn_priv         7.45         1.13
          drH       -67.13        71.33
         ddrH         2.54         2.01
          drE       -69.67        73.09
      drE_CBS       -70.55        76.07
       drE_IT         1.44         0.38
       drE_CV        -0.64         1.65
       drE_SR         0.37         1.24
   drE_HF_CBS       -86.05        60.15
          u/2         3.12         0.20


---------------------------------------------------------------------
9 reactions with the best weights:
---------------------------------------------------------------------
     weight      dfH  drE_corr  dn  n+|dn|      u      drH   ddrH      drE  drE_CBS  drE_CV  drE_IT  drE_TPNO  drE_SR  drE_HF_CBS  drE_HF_TZ  drE_HF_QZ                                            reaction
4  1.000000 -284.376    13.998  13     7.0  6.807  -93.387  4.493  -97.880 -100.866  -0.059   1.233     0.698   1.114    -111.878   -113.673   -112.535    2FeO6C15H21+H2+2ClH+2TiO->2OH2+2FeCl+2TiO6C15H21
0  0.987777 -283.563    -1.464   7     8.0  6.191 -149.970  3.945 -153.915 -157.257   0.738   1.075     0.572   0.957    -152.451   -154.330   -153.139           FeO6C15H21+2ClH+TiO->OH2+FeCl2+TiO6C15H21
3  0.932657 -283.683    30.324  11     6.0  5.867   10.253  0.015   10.238   12.072  -1.602   1.783    -1.938  -0.077     -20.086    -20.747    -20.328      2FeO6C15H21+H2+2TiCl4->2ClH+2FeCl3+2TiO6C15H21
1  0.644863 -277.960    28.846   7     8.0  5.829   10.200  0.512    9.688   13.430  -3.239   1.877    -0.532  -1.848     -19.158    -20.883    -19.789          FeO6C15H21+H2+TiCl4->2ClH+FeCl2+TiO6C15H21
6  0.261490 -289.286     0.013  17    10.0  6.227 -149.917  3.449 -153.366 -158.616   2.376   0.980    -0.834   2.728    -153.379   -154.194   -153.677   2FeO6C15H21+6ClH+2TiO->H2+2OH2+2FeCl3+2TiO6C15H21
7  0.066240 -278.773    44.309  17    10.0  6.479   66.783  1.060   65.723   69.820  -4.036   2.036    -0.406  -1.691      21.414     19.773     20.814      2FeO6C15H21+3H2+2TiCl4->6ClH+2FeCl+2TiO6C15H21
2  0.015991 -283.308    59.921   9    10.0  7.714 -123.318  8.853 -132.171 -138.158   1.036   3.151     0.484   1.316    -192.092   -192.173   -192.122      FeO6C15H21+H2+2ClH+TiO2->2OH2+FeCl2+TiO6C15H21
5  0.007665 -284.122    75.383  17     9.0  8.216  -66.734  9.402  -76.136  -81.769   0.239   3.310     0.610   1.474    -151.519   -151.517   -151.518  2FeO6C15H21+3H2+2ClH+2TiO2->4OH2+2FeCl+2TiO6C15H21
8  0.005246 -289.032    61.398  19    11.0  7.742 -123.264  8.357 -131.621 -139.518   2.674   3.057    -0.922   3.088    -193.019   -192.037   -192.660  2FeO6C15H21+H2+6ClH+2TiO2->4OH2+2FeCl3+2TiO6C15H21




---------------------------------------------------------------------
10 reactions with the worst weights:
---------------------------------------------------------------------
     weight      dfH  drE_corr  dn  n+|dn|      u      drH   ddrH      drE  drE_CBS  drE_CV  drE_IT  drE_TPNO  drE_SR  drE_HF_CBS  drE_HF_TZ  drE_HF_QZ                                            reaction
8  0.005246 -289.032    61.398  19    11.0  7.742 -123.264  8.357 -131.621 -139.518   2.674   3.057    -0.922   3.088    -193.019   -192.037    -192.66  2FeO6C15H21+H2+6ClH+2TiO2->4OH2+2FeCl3+2TiO6C15H21




---------------------------------------------------------------------
10 reactions with the worst dHf:
---------------------------------------------------------------------
     weight      dfH  drE_corr  dn  n+|dn|      u      drH   ddrH      drE  drE_CBS  drE_CV  drE_IT  drE_TPNO  drE_SR  drE_HF_CBS  drE_HF_TZ  drE_HF_QZ                                            reaction
6  0.261490 -289.286     0.013  17    10.0  6.227 -149.917  3.449 -153.366 -158.616   2.376   0.980    -0.834   2.728    -153.379   -154.194   -153.677   2FeO6C15H21+6ClH+2TiO->H2+2OH2+2FeCl3+2TiO6C15H21
8  0.005246 -289.032    61.398  19    11.0  7.742 -123.264  8.357 -131.621 -139.518   2.674   3.057    -0.922   3.088    -193.019   -192.037   -192.660  2FeO6C15H21+H2+6ClH+2TiO2->4OH2+2FeCl3+2TiO6C15H21
4  1.000000 -284.376    13.998  13     7.0  6.807  -93.387  4.493  -97.880 -100.866  -0.059   1.233     0.698   1.114    -111.878   -113.673   -112.535    2FeO6C15H21+H2+2ClH+2TiO->2OH2+2FeCl+2TiO6C15H21
5  0.007665 -284.122    75.383  17     9.0  8.216  -66.734  9.402  -76.136  -81.769   0.239   3.310     0.610   1.474    -151.519   -151.517   -151.518  2FeO6C15H21+3H2+2ClH+2TiO2->4OH2+2FeCl+2TiO6C15H21
3  0.932657 -283.683    30.324  11     6.0  5.867   10.253  0.015   10.238   12.072  -1.602   1.783    -1.938  -0.077     -20.086    -20.747    -20.328      2FeO6C15H21+H2+2TiCl4->2ClH+2FeCl3+2TiO6C15H21
0  0.987777 -283.563    -1.464   7     8.0  6.191 -149.970  3.945 -153.915 -157.257   0.738   1.075     0.572   0.957    -152.451   -154.330   -153.139           FeO6C15H21+2ClH+TiO->OH2+FeCl2+TiO6C15H21
2  0.015991 -283.308    59.921   9    10.0  7.714 -123.318  8.853 -132.171 -138.158   1.036   3.151     0.484   1.316    -192.092   -192.173   -192.122      FeO6C15H21+H2+2ClH+TiO2->2OH2+FeCl2+TiO6C15H21
7  0.066240 -278.773    44.309  17    10.0  6.479   66.783  1.060   65.723   69.820  -4.036   2.036    -0.406  -1.691      21.414     19.773     20.814      2FeO6C15H21+3H2+2TiCl4->6ClH+2FeCl+2TiO6C15H21
1  0.644863 -277.960    28.846   7     8.0  5.829   10.200  0.512    9.688   13.430  -3.239   1.877    -0.532  -1.848     -19.158    -20.883    -19.789          FeO6C15H21+H2+TiCl4->2ClH+FeCl2+TiO6C15H21
