---------------------------------------------------------------------
Results for m6_00_Feacac3-PBE0_Tiacac3_tmp.all 

Average dfH = -282.86 

Uncertainty = 7.06
Computational contribution = 3.29
Experimental contribution = 6.24
---------------------------------------------------------------------
Number of reactions with all coeficients ≤  10 : 9  of  9
Parameters:
h1 = 3.02 
h2 = 38.61 

Summ of all weights = 3.8
---------------------------------------------------------------------
Average values and MSE of reaction characteristics:

                      Mean       St dev
          dfH      -282.86         1.65
     drE_corr        15.74        15.06
    n+dn_priv         7.44         1.13
          drH       -69.17        71.85
         ddrH         2.59         2.02
          drE       -71.77        73.60
      drE_CBS       -72.33        75.55
       drE_IT         1.43         0.38
       drE_CV        -0.60         1.63
   drE_HF_CBS       -87.51        59.80
          u/2         3.12         0.20


---------------------------------------------------------------------
9 reactions with the best weights:
---------------------------------------------------------------------
     weight      dfH  drE_corr  dn  n+|dn|      u      drH   ddrH      drE  drE_CBS  drE_CV  drE_IT  drE_TPNO  drE_HF_CBS  drE_HF_TZ  drE_HF_QZ                                            reaction
4  1.000000 -283.262    12.884  13     7.0  6.807  -94.501  4.493  -98.994 -100.866  -0.059   1.233     0.698    -111.878   -113.673   -112.535    2FeO6C15H21+H2+2ClH+2TiO->2OH2+2FeCl+2TiO6C15H21
0  0.967914 -282.606    -2.421   7     8.0  6.191 -150.927  3.945 -154.872 -157.257   0.738   1.075     0.572    -152.451   -154.330   -153.139           FeO6C15H21+2ClH+TiO->OH2+FeCl2+TiO6C15H21
3  0.903580 -283.760    30.401  11     6.0  5.867   10.330  0.015   10.315   12.072  -1.602   1.783    -1.938     -20.086    -20.747    -20.328      2FeO6C15H21+H2+2TiCl4->2ClH+2FeCl3+2TiO6C15H21
1  0.582734 -279.808    30.694   7     8.0  5.829   12.048  0.512   11.536   13.430  -3.239   1.877    -0.532     -19.158    -20.883    -19.789          FeO6C15H21+H2+TiCl4->2ClH+FeCl2+TiO6C15H21
6  0.255611 -286.558    -2.715  17    10.0  6.227 -152.645  3.449 -156.094 -158.616   2.376   0.980    -0.834    -153.379   -154.194   -153.677   2FeO6C15H21+6ClH+2TiO->H2+2OH2+2FeCl3+2TiO6C15H21
7  0.057405 -280.464    46.000  17    10.0  6.479   68.474  1.060   67.414   69.820  -4.036   2.036    -0.406      21.414     19.773     20.814      2FeO6C15H21+3H2+2TiCl4->6ClH+2FeCl+2TiO6C15H21
2  0.016726 -281.992    58.604   9    10.0  7.714 -124.634  8.853 -133.487 -138.158   1.036   3.151     0.484    -192.091   -192.173   -192.122      FeO6C15H21+H2+2ClH+TiO2->2OH2+FeCl2+TiO6C15H21
5  0.008166 -282.648    73.910  17     9.0  8.216  -68.208  9.402  -77.610  -81.769   0.239   3.310     0.610    -151.520   -151.517   -151.518  2FeO6C15H21+3H2+2ClH+2TiO2->4OH2+2FeCl+2TiO6C15H21
8  0.006319 -285.944    58.311  19    11.0  7.742 -126.352  8.357 -134.709 -139.518   2.674   3.057    -0.922    -193.020   -192.037   -192.660  2FeO6C15H21+H2+6ClH+2TiO2->4OH2+2FeCl3+2TiO6C15H21




---------------------------------------------------------------------
10 reactions with the worst weights:
---------------------------------------------------------------------
     weight      dfH  drE_corr  dn  n+|dn|      u      drH   ddrH      drE  drE_CBS  drE_CV  drE_IT  drE_TPNO  drE_HF_CBS  drE_HF_TZ  drE_HF_QZ                                            reaction
8  0.006319 -285.944    58.311  19    11.0  7.742 -126.352  8.357 -134.709 -139.518   2.674   3.057    -0.922     -193.02   -192.037    -192.66  2FeO6C15H21+H2+6ClH+2TiO2->4OH2+2FeCl3+2TiO6C15H21




---------------------------------------------------------------------
10 reactions with the worst dHf:
---------------------------------------------------------------------
     weight      dfH  drE_corr  dn  n+|dn|      u      drH   ddrH      drE  drE_CBS  drE_CV  drE_IT  drE_TPNO  drE_HF_CBS  drE_HF_TZ  drE_HF_QZ                                            reaction
6  0.255611 -286.558    -2.715  17    10.0  6.227 -152.645  3.449 -156.094 -158.616   2.376   0.980    -0.834    -153.379   -154.194   -153.677   2FeO6C15H21+6ClH+2TiO->H2+2OH2+2FeCl3+2TiO6C15H21
8  0.006319 -285.944    58.311  19    11.0  7.742 -126.352  8.357 -134.709 -139.518   2.674   3.057    -0.922    -193.020   -192.037   -192.660  2FeO6C15H21+H2+6ClH+2TiO2->4OH2+2FeCl3+2TiO6C15H21
3  0.903580 -283.760    30.401  11     6.0  5.867   10.330  0.015   10.315   12.072  -1.602   1.783    -1.938     -20.086    -20.747    -20.328      2FeO6C15H21+H2+2TiCl4->2ClH+2FeCl3+2TiO6C15H21
4  1.000000 -283.262    12.884  13     7.0  6.807  -94.501  4.493  -98.994 -100.866  -0.059   1.233     0.698    -111.878   -113.673   -112.535    2FeO6C15H21+H2+2ClH+2TiO->2OH2+2FeCl+2TiO6C15H21
5  0.008166 -282.648    73.910  17     9.0  8.216  -68.208  9.402  -77.610  -81.769   0.239   3.310     0.610    -151.520   -151.517   -151.518  2FeO6C15H21+3H2+2ClH+2TiO2->4OH2+2FeCl+2TiO6C15H21
0  0.967914 -282.606    -2.421   7     8.0  6.191 -150.927  3.945 -154.872 -157.257   0.738   1.075     0.572    -152.451   -154.330   -153.139           FeO6C15H21+2ClH+TiO->OH2+FeCl2+TiO6C15H21
2  0.016726 -281.992    58.604   9    10.0  7.714 -124.634  8.853 -133.487 -138.158   1.036   3.151     0.484    -192.091   -192.173   -192.122      FeO6C15H21+H2+2ClH+TiO2->2OH2+FeCl2+TiO6C15H21
7  0.057405 -280.464    46.000  17    10.0  6.479   68.474  1.060   67.414   69.820  -4.036   2.036    -0.406      21.414     19.773     20.814      2FeO6C15H21+3H2+2TiCl4->6ClH+2FeCl+2TiO6C15H21
1  0.582734 -279.808    30.694   7     8.0  5.829   12.048  0.512   11.536   13.430  -3.239   1.877    -0.532     -19.158    -20.883    -19.789          FeO6C15H21+H2+TiCl4->2ClH+FeCl2+TiO6C15H21
