---------------------------------------------------------------------
Results for m6_00_Feacac3-PBE0_Scacac_tmp.all 

Average dfH = -281.89 

Uncertainty = 8.03
Computational contribution = 5.99
Experimental contribution = 5.34
---------------------------------------------------------------------
Number of reactions with all coeficients ≤  10 : 9  of  9
Parameters:
h1 = 4.4 
h2 = 15.92 

Summ of all weights = 3.79
---------------------------------------------------------------------
Average values and MSE of reaction characteristics:

                      Mean       St dev
          dfH      -281.89         2.99
     drE_corr       -10.90         6.89
    n+dn_priv         6.70         1.95
          drH       -31.40        54.85
         ddrH         1.32         1.35
          drE       -32.72        54.46
      drE_CBS       -32.73        54.54
       drE_IT        -0.07         0.11
       drE_CV        -0.32         1.11
       drE_SR        -0.77         0.73
   drE_HF_CBS       -21.83        52.42
          u/2         2.67         0.28


---------------------------------------------------------------------
9 reactions with the best weights:
---------------------------------------------------------------------
     weight      dfH  drE_corr  dn  n+|dn|      u      drH   ddrH      drE  drE_CBS  drE_CV  drE_IT  drE_TPNO  drE_SR  drE_HF_CBS  drE_HF_TZ  drE_HF_QZ                                           reaction
1  1.000000 -278.688    -7.656   6     6.0  6.046  -96.865  1.231  -98.096  -97.731  -0.705  -0.114     1.626  -1.172     -90.440    -93.247    -91.468             FeO6C15H21+ClH+ScF->FH+FeCl+ScO6C15H21
2  0.801655 -281.848    -3.568   7     8.0  5.423   31.988  1.139   30.849   32.219  -1.689   0.085     1.436  -1.202      34.417     32.321     33.650          FeO6C15H21+H2+ScCl3->2ClH+FeCl+ScO6C15H21
0  0.768730 -286.758   -17.553   4     4.0  4.674  -24.542  0.094  -24.636  -25.530   0.746  -0.168    -0.096   0.412      -7.083     -8.199     -7.492                 FeO6C15H21+ScCl3->FeCl3+ScO6C15H21
6  0.515480 -281.034   -19.031  11     6.0  4.627  -24.596  0.591  -25.187  -24.173  -0.892  -0.073     1.310  -1.359      -6.156     -8.335     -6.953     2FeO6C15H21+H2+2ScCl3->2ClH+2FeCl2+2ScO6C15H21
4  0.249989 -281.177     0.722   9    10.0  5.936   44.258  4.841   39.417   37.942   0.259   0.099     2.054  -0.937      38.695     37.927     38.414        FeO6C15H21+H2+ClH+ScF3->3FH+FeCl+ScO6C15H21
5  0.159319 -286.087   -13.263  10    10.0  5.261  -12.272  3.796  -16.068  -19.806   2.694  -0.155     0.522   0.677      -2.805     -2.593     -2.728         FeO6C15H21+3ClH+ScF3->3FH+FeCl3+ScO6C15H21
8  0.137519 -280.364   -14.740  19    10.0  5.219  -12.325  4.292  -16.617  -18.447   1.056  -0.060     1.928  -1.094      -1.877     -2.729     -2.189  2FeO6C15H21+H2+4ClH+2ScF3->6FH+2FeCl2+2ScO6C15H21
7  0.105399 -277.874   -23.118  15     8.0  5.344 -153.449  0.683 -154.132 -154.122   0.092  -0.273     1.500  -1.329    -131.014   -133.903   -132.071   2FeO6C15H21+4ClH+2ScF->H2+2FH+2FeCl2+2ScO6C15H21
3  0.047972 -283.598   -21.641   9    10.0  5.385 -153.395  0.186 -153.581 -155.481   1.730  -0.367     0.094   0.443    -131.940   -133.767   -132.609        FeO6C15H21+3ClH+ScF->H2+FH+FeCl3+ScO6C15H21




---------------------------------------------------------------------
10 reactions with the worst weights:
---------------------------------------------------------------------
     weight      dfH  drE_corr  dn  n+|dn|      u      drH   ddrH      drE  drE_CBS  drE_CV  drE_IT  drE_TPNO  drE_SR  drE_HF_CBS  drE_HF_TZ  drE_HF_QZ                                     reaction
3  0.047972 -283.598   -21.641   9    10.0  5.385 -153.395  0.186 -153.581 -155.481    1.73  -0.367     0.094   0.443     -131.94   -133.767   -132.609  FeO6C15H21+3ClH+ScF->H2+FH+FeCl3+ScO6C15H21




---------------------------------------------------------------------
10 reactions with the worst dHf:
---------------------------------------------------------------------
     weight      dfH  drE_corr  dn  n+|dn|      u      drH   ddrH      drE  drE_CBS  drE_CV  drE_IT  drE_TPNO  drE_SR  drE_HF_CBS  drE_HF_TZ  drE_HF_QZ                                           reaction
0  0.768730 -286.758   -17.553   4     4.0  4.674  -24.542  0.094  -24.636  -25.530   0.746  -0.168    -0.096   0.412      -7.083     -8.199     -7.492                 FeO6C15H21+ScCl3->FeCl3+ScO6C15H21
5  0.159319 -286.087   -13.263  10    10.0  5.261  -12.272  3.796  -16.068  -19.806   2.694  -0.155     0.522   0.677      -2.805     -2.593     -2.728         FeO6C15H21+3ClH+ScF3->3FH+FeCl3+ScO6C15H21
3  0.047972 -283.598   -21.641   9    10.0  5.385 -153.395  0.186 -153.581 -155.481   1.730  -0.367     0.094   0.443    -131.940   -133.767   -132.609        FeO6C15H21+3ClH+ScF->H2+FH+FeCl3+ScO6C15H21
2  0.801655 -281.848    -3.568   7     8.0  5.423   31.988  1.139   30.849   32.219  -1.689   0.085     1.436  -1.202      34.417     32.321     33.650          FeO6C15H21+H2+ScCl3->2ClH+FeCl+ScO6C15H21
4  0.249989 -281.177     0.722   9    10.0  5.936   44.258  4.841   39.417   37.942   0.259   0.099     2.054  -0.937      38.695     37.927     38.414        FeO6C15H21+H2+ClH+ScF3->3FH+FeCl+ScO6C15H21
6  0.515480 -281.034   -19.031  11     6.0  4.627  -24.596  0.591  -25.187  -24.173  -0.892  -0.073     1.310  -1.359      -6.156     -8.335     -6.953     2FeO6C15H21+H2+2ScCl3->2ClH+2FeCl2+2ScO6C15H21
8  0.137519 -280.364   -14.740  19    10.0  5.219  -12.325  4.292  -16.617  -18.447   1.056  -0.060     1.928  -1.094      -1.877     -2.729     -2.189  2FeO6C15H21+H2+4ClH+2ScF3->6FH+2FeCl2+2ScO6C15H21
1  1.000000 -278.688    -7.656   6     6.0  6.046  -96.865  1.231  -98.096  -97.731  -0.705  -0.114     1.626  -1.172     -90.440    -93.247    -91.468             FeO6C15H21+ClH+ScF->FH+FeCl+ScO6C15H21
7  0.105399 -277.874   -23.118  15     8.0  5.344 -153.449  0.683 -154.132 -154.122   0.092  -0.273     1.500  -1.329    -131.014   -133.903   -132.071   2FeO6C15H21+4ClH+2ScF->H2+2FH+2FeCl2+2ScO6C15H21
