---------------------------------------------------------------------
Results for m6_00_Feacac3-PBE0_Cracac3_tmp.all 

Average dfH = -282.36 

Uncertainty = 6.62
Computational contribution = 2.19
Experimental contribution = 6.25
---------------------------------------------------------------------
Number of reactions with all coeficients ≤  10 : 6  of  6
Parameters:
h1 = 3.09 
h2 = 35.83 

Summ of all weights = 1.74
---------------------------------------------------------------------
Average values and MSE of reaction characteristics:

                      Mean       St dev
          dfH      -282.36         1.09
     drE_corr       -26.97        15.16
    n+dn_priv         5.18         1.50
          drH       -62.17        32.44
         ddrH         1.62         1.69
          drE       -63.79        33.16
      drE_CBS       -64.52        34.21
       drE_IT        -0.35         0.71
       drE_CV         0.08         0.65
   drE_HF_CBS       -36.83        38.45
          u/2         3.12         1.04


---------------------------------------------------------------------
6 reactions with the best weights:
---------------------------------------------------------------------
     weight      dfH  drE_corr  dn  n+|dn|       u      drH   ddrH      drE  drE_CBS  drE_CV  drE_IT  drE_TPNO  drE_HF_CBS  drE_HF_TZ  drE_HF_QZ                                           reaction
0  1.000000 -282.550   -27.469   4     4.0   5.640  -36.050  1.150  -37.200  -37.172  -0.286  -0.585     0.843      -9.731    -11.565    -10.402                   FeO6C15H21+CrCl->FeCl+CrO6C15H21
3  0.380223 -281.894   -42.775  11     6.0   4.880  -92.476  0.601  -93.077  -93.561   0.511  -0.744     0.717     -50.302    -52.222    -51.005      2FeO6C15H21+2ClH+2CrCl->H2+2FeCl2+2CrO6C15H21
4  0.156708 -280.978    11.098  13     7.0  11.369  -84.685  5.870  -90.555  -94.412  -0.325   1.406     2.776    -101.653   -102.175   -101.844   2FeO6C15H21+H2+2ClH+2CrO->2OH2+2FeCl+2CrO6C15H21
2  0.104145 -285.846   -43.068   7     8.0   4.924  -94.194  0.105  -94.299  -94.922   2.149  -0.838    -0.688     -51.231    -52.085    -51.543          FeO6C15H21+2ClH+CrCl->H2+FeCl3+CrO6C15H21
1  0.087095 -280.322    -4.208   7     8.0  11.011 -141.111  5.321 -146.432 -150.802   0.472   1.248     2.650    -142.224   -142.832   -142.447          FeO6C15H21+2ClH+CrO->OH2+FeCl2+CrO6C15H21
5  0.010651 -284.274    -4.501  17    10.0  11.031 -142.829  4.825 -147.654 -152.161   2.110   1.153     1.244    -143.153   -142.696   -142.985  2FeO6C15H21+6ClH+2CrO->H2+2OH2+2FeCl3+2CrO6C15H21




---------------------------------------------------------------------
10 reactions with the worst weights:
---------------------------------------------------------------------
     weight      dfH  drE_corr  dn  n+|dn|       u      drH   ddrH      drE  drE_CBS  drE_CV  drE_IT  drE_TPNO  drE_HF_CBS  drE_HF_TZ  drE_HF_QZ                                           reaction
5  0.010651 -284.274    -4.501  17    10.0  11.031 -142.829  4.825 -147.654 -152.161   2.110   1.153     1.244    -143.153   -142.696   -142.985  2FeO6C15H21+6ClH+2CrO->H2+2OH2+2FeCl3+2CrO6C15H21
1  0.087095 -280.322    -4.208   7     8.0  11.011 -141.111  5.321 -146.432 -150.802   0.472   1.248     2.650    -142.224   -142.832   -142.447          FeO6C15H21+2ClH+CrO->OH2+FeCl2+CrO6C15H21
2  0.104145 -285.846   -43.068   7     8.0   4.924  -94.194  0.105  -94.299  -94.922   2.149  -0.838    -0.688     -51.231    -52.085    -51.543          FeO6C15H21+2ClH+CrCl->H2+FeCl3+CrO6C15H21
4  0.156708 -280.978    11.098  13     7.0  11.369  -84.685  5.870  -90.555  -94.412  -0.325   1.406     2.776    -101.653   -102.175   -101.844   2FeO6C15H21+H2+2ClH+2CrO->2OH2+2FeCl+2CrO6C15H21




---------------------------------------------------------------------
10 reactions with the worst dHf:
---------------------------------------------------------------------
     weight      dfH  drE_corr  dn  n+|dn|       u      drH   ddrH      drE  drE_CBS  drE_CV  drE_IT  drE_TPNO  drE_HF_CBS  drE_HF_TZ  drE_HF_QZ                                           reaction
2  0.104145 -285.846   -43.068   7     8.0   4.924  -94.194  0.105  -94.299  -94.922   2.149  -0.838    -0.688     -51.231    -52.085    -51.543          FeO6C15H21+2ClH+CrCl->H2+FeCl3+CrO6C15H21
5  0.010651 -284.274    -4.501  17    10.0  11.031 -142.829  4.825 -147.654 -152.161   2.110   1.153     1.244    -143.153   -142.696   -142.985  2FeO6C15H21+6ClH+2CrO->H2+2OH2+2FeCl3+2CrO6C15H21
0  1.000000 -282.550   -27.469   4     4.0   5.640  -36.050  1.150  -37.200  -37.172  -0.286  -0.585     0.843      -9.731    -11.565    -10.402                   FeO6C15H21+CrCl->FeCl+CrO6C15H21
3  0.380223 -281.894   -42.775  11     6.0   4.880  -92.476  0.601  -93.077  -93.561   0.511  -0.744     0.717     -50.302    -52.222    -51.005      2FeO6C15H21+2ClH+2CrCl->H2+2FeCl2+2CrO6C15H21
4  0.156708 -280.978    11.098  13     7.0  11.369  -84.685  5.870  -90.555  -94.412  -0.325   1.406     2.776    -101.653   -102.175   -101.844   2FeO6C15H21+H2+2ClH+2CrO->2OH2+2FeCl+2CrO6C15H21
1  0.087095 -280.322    -4.208   7     8.0  11.011 -141.111  5.321 -146.432 -150.802   0.472   1.248     2.650    -142.224   -142.832   -142.447          FeO6C15H21+2ClH+CrO->OH2+FeCl2+CrO6C15H21
